,日期,开盘,收盘,最高,最低,成交量,成交额,振幅,涨跌幅,涨跌额,换手率
0,2009-10-30,66.7,69.01,96.0,58.3,93304,654392182.0,101.89,86.51,32.01,89.72
1,2009-11-02,62.11,62.11,68.88,62.11,35822,227911110.0,9.81,-10.0,-6.9,34.44
2,2009-11-03,62.62,62.6,64.0,60.62,22325,139774121.0,5.44,0.79,0.49,21.47
3,2009-11-04,63.5,68.86,68.86,63.31,36263,244290370.0,8.87,10.0,6.26,34.87
4,2009-11-05,69.45,72.55,75.7,68.02,32687,234899244.0,11.15,5.36,3.69,31.43
5,2009-11-06,71.8,72.2,73.64,68.0,20593,146450374.0,7.77,-0.48,-0.35,19.8
6,2009-11-09,71.8,73.3,75.7,70.13,16374,120050731.0,7.71,1.52,1.1,15.74
7,2009-11-10,72.6,69.04,73.62,68.99,16227,114701364.0,6.32,-5.81,-4.26,15.6
8,2009-11-11,68.3,69.25,69.98,66.72,12560,85513530.0,4.72,0.3,0.21,12.08
9,2009-11-12,69.0,71.56,71.97,68.42,12611,89235496.0,5.13,3.34,2.31,12.13
10,2009-11-13,71.4,74.68,78.0,71.3,22580,169589665.0,9.36,4.36,3.12,21.71
11,2009-11-16,74.7,74.1,74.99,72.66,12818,94577926.0,3.12,-0.78,-0.58,12.33
12,2009-11-17,74.5,74.5,76.85,73.28,11223,84055734.0,4.82,0.54,0.4,10.79
13,2009-11-18,74.45,76.3,77.88,73.8,15959,121874423.0,5.48,2.42,1.8,15.35
14,2009-11-19,76.49,79.19,83.73,75.21,26892,212872915.0,11.17,3.79,2.89,25.86
15,2009-11-20,78.0,76.66,79.67,76.01,15276,118071918.0,4.62,-3.19,-2.53,14.69
16,2009-11-23,76.19,77.7,77.97,75.68,10338,79526102.0,2.99,1.36,1.04,9.94
17,2009-11-24,77.5,70.81,78.43,70.1,15619,116584168.0,10.72,-8.87,-6.89,15.02
18,2009-11-25,70.7,74.85,75.5,70.59,12991,95413701.0,6.93,5.71,4.04,12.49
19,2009-11-26,74.61,72.9,76.28,72.56,14198,104855364.0,4.97,-2.61,-1.95,13.65
20,2009-11-27,72.08,72.95,75.0,71.15,13886,101435578.0,5.28,0.07,0.05,13.35
21,2009-11-30,73.21,76.0,76.5,73.21,14514,109023024.0,4.51,4.18,3.05,13.96
22,2009-12-01,75.83,76.3,76.48,74.69,10097,76379692.0,2.36,0.39,0.3,9.71
23,2009-12-02,76.4,78.0,79.97,76.3,17932,140368916.0,4.81,2.23,1.7,17.24
24,2009-12-03,78.02,81.28,81.89,77.02,17817,142619979.0,6.24,4.21,3.28,17.13
25,2009-12-04,78.51,74.5,80.26,73.15,19228,145838410.0,8.75,-8.34,-6.78,18.49
26,2009-12-07,74.5,76.2,76.96,73.34,6743,51010632.0,4.86,2.28,1.7,6.48
27,2009-12-08,76.78,76.89,77.8,74.51,11496,87590515.0,4.32,0.91,0.69,11.05
28,2009-12-09,76.39,78.57,79.77,75.8,18098,141429366.0,5.16,2.18,1.68,17.4
29,2009-12-10,79.1,79.06,81.98,78.4,15915,127915792.0,4.56,0.62,0.49,15.3
30,2009-12-11,78.5,76.31,79.41,74.6,12182,93341958.0,6.08,-3.48,-2.75,11.71
31,2009-12-14,75.3,74.28,76.3,73.0,6744,50081860.0,4.32,-2.66,-2.03,6.48
32,2009-12-15,75.15,74.3,75.95,74.3,4929,36933275.0,2.22,0.03,0.02,4.74
33,2009-12-16,74.18,71.43,74.18,71.15,6914,49958007.0,4.08,-3.86,-2.87,6.65
34,2009-12-17,71.43,69.01,71.99,68.52,5596,39158726.0,4.86,-3.39,-2.42,5.38
35,2009-12-18,68.89,69.31,71.07,66.63,6240,42745670.0,6.43,0.43,0.3,6.0
36,2009-12-21,69.3,71.87,72.5,69.3,5866,42004582.0,4.62,3.69,2.56,5.64
37,2009-12-22,71.71,68.19,71.8,67.86,4937,34241417.0,5.48,-5.12,-3.68,4.75
38,2009-12-23,68.58,69.79,70.88,68.58,4908,34323758.0,3.37,2.35,1.6,4.72
39,2009-12-24,68.79,70.43,70.65,68.11,5907,41361804.0,3.64,0.92,0.64,5.68
40,2009-12-25,70.1,68.49,70.46,68.06,5295,36438088.0,3.41,-2.75,-1.94,5.09
41,2009-12-28,69.05,68.61,69.8,68.5,3427,23656236.0,1.9,0.18,0.12,3.3
42,2009-12-29,68.97,67.9,68.97,67.31,4563,31029166.0,2.42,-1.03,-0.71,4.39
43,2009-12-30,67.91,69.6,71.88,67.91,8118,56980347.0,5.85,2.5,1.7,7.81
44,2009-12-31,69.37,70.0,70.18,68.51,5011,34765202.0,2.4,0.57,0.4,4.82
45,2010-01-04,70.35,70.03,70.99,69.7,3529,24754634.0,1.84,0.04,0.03,3.39
46,2010-01-05,70.1,70.6,70.8,69.14,3746,26254150.0,2.37,0.81,0.57,3.6
47,2010-01-06,70.59,71.35,72.27,70.01,5972,42512088.0,3.2,1.06,0.75,5.74
48,2010-01-07,71.3,69.55,71.69,69.29,4301,30182895.0,3.36,-2.52,-1.8,4.14
49,2010-01-08,69.0,67.49,69.54,66.63,5469,36994577.0,4.18,-2.96,-2.06,5.26
50,2010-01-11,67.01,70.31,70.66,66.52,6777,46670225.0,6.13,4.18,2.82,6.52
51,2010-01-12,70.17,71.9,73.8,69.7,10004,72377972.0,5.83,2.26,1.59,9.62
52,2010-01-13,71.01,74.25,74.96,70.59,10729,78899739.0,6.08,3.27,2.35,10.32
53,2010-01-14,74.32,76.0,77.94,74.01,11802,90002847.0,5.29,2.36,1.75,11.35
54,2010-01-15,75.8,74.9,76.49,73.9,6379,47791351.0,3.41,-1.45,-1.1,6.13
55,2010-01-18,78.5,79.03,80.88,77.03,17740,139677175.0,5.14,5.51,4.13,17.06
56,2010-01-19,77.88,77.25,78.45,76.3,8295,63839599.0,2.72,-2.25,-1.78,7.98
57,2010-01-20,76.99,71.4,76.99,71.13,10169,75066012.0,7.59,-7.57,-5.85,9.78
58,2010-01-21,71.5,71.52,72.91,70.9,5135,36959190.0,2.82,0.17,0.12,4.94
59,2010-01-22,69.0,68.6,70.79,67.8,6720,46130854.0,4.18,-4.08,-2.92,6.46
60,2010-01-25,68.68,68.85,69.6,66.88,4844,33168942.0,3.97,0.36,0.25,4.66
61,2010-01-26,70.51,72.3,75.73,70.5,11168,81235231.0,7.6,5.01,3.45,10.74
62,2010-01-27,73.48,71.1,74.5,71.01,6776,49217029.0,4.83,-1.66,-1.2,6.52
63,2010-01-28,70.0,70.43,70.49,67.61,5672,39154117.0,4.05,-0.94,-0.67,5.45
64,2010-01-29,69.9,72.0,73.5,69.0,7310,52677290.0,6.39,2.23,1.57,7.03
65,2010-02-01,68.66,71.99,73.48,67.0,25876,179740387.0,9.0,-0.01,-0.01,19.9
66,2010-02-02,71.97,69.4,73.78,69.18,12137,86937923.0,6.39,-3.6,-2.59,9.34
67,2010-02-03,69.61,67.0,69.61,64.4,10589,70574843.0,7.51,-3.46,-2.4,8.15
68,2010-02-04,66.4,66.3,67.85,65.05,5976,39757192.0,4.18,-1.04,-0.7,4.6
69,2010-02-05,66.6,67.51,68.98,66.32,6903,46657836.0,4.01,1.83,1.21,5.31
70,2010-02-08,67.97,69.56,70.48,67.4,7711,53291565.0,4.56,3.04,2.05,5.93
71,2010-02-09,69.51,68.37,69.51,68.0,3036,20831356.0,2.17,-1.71,-1.19,2.34
72,2010-02-10,69.12,71.25,71.8,68.48,7275,51194008.0,4.86,4.21,2.88,5.6
73,2010-02-11,70.88,75.45,75.5,70.48,11687,85816763.0,7.05,5.89,4.2,8.99
74,2010-02-12,74.51,76.08,77.0,74.1,9356,70688953.0,3.84,0.83,0.63,7.2
75,2010-02-22,75.86,73.65,76.7,73.5,7100,52968153.0,4.21,-3.19,-2.43,5.46
76,2010-02-23,73.64,77.1,77.29,73.64,11068,84249139.0,4.96,4.68,3.45,8.51
77,2010-02-24,77.23,79.7,80.6,76.6,14194,111606345.0,5.19,3.37,2.6,10.92
78,2010-02-25,80.24,80.0,81.0,78.6,9609,76736489.0,3.01,0.38,0.3,7.39
79,2010-02-26,80.1,78.71,82.35,78.6,8808,70789302.0,4.69,-1.61,-1.29,6.78
80,2010-03-01,78.1,82.55,82.78,78.1,9533,77555046.0,5.95,4.88,3.84,7.33
81,2010-03-02,82.58,81.75,82.62,81.2,4938,40437415.0,1.72,-0.97,-0.8,3.8
82,2010-03-03,82.0,80.86,85.21,80.7,9961,82697184.0,5.52,-1.09,-0.89,7.66
83,2010-03-04,80.18,77.1,81.45,76.87,8523,67174154.0,5.66,-4.65,-3.76,6.56
84,2010-03-05,77.61,82.5,83.92,77.61,9865,79157931.0,8.18,7.0,5.4,7.59
85,2010-03-08,82.69,84.38,84.98,81.95,8515,71465434.0,3.67,2.28,1.88,6.55
86,2010-03-09,83.49,83.79,84.0,82.31,6204,51570085.0,2.0,-0.7,-0.59,4.77
87,2010-03-10,83.51,82.44,84.82,81.6,5037,41775228.0,3.84,-1.61,-1.35,3.87
88,2010-03-11,82.0,85.0,85.84,79.55,12610,104350352.0,7.63,3.11,2.56,9.7
89,2010-03-12,85.28,80.97,86.64,80.97,15154,126825500.0,6.67,-4.74,-4.03,11.66
90,2010-03-15,81.61,82.3,82.99,81.22,7618,62548406.0,2.19,1.64,1.33,5.86
91,2010-03-16,82.13,83.14,86.2,82.13,9654,80947815.0,4.95,1.02,0.84,7.43
92,2010-03-17,83.38,86.89,87.14,83.14,11613,99536880.0,4.81,4.51,3.75,8.93
93,2010-03-18,86.89,87.25,87.57,85.51,6145,53274427.0,2.37,0.41,0.36,4.73
94,2010-03-19,87.05,89.01,89.91,86.78,8978,79395025.0,3.59,2.02,1.76,6.91
95,2010-03-22,88.98,90.5,90.59,88.03,7103,63454642.0,2.88,1.67,1.49,5.46
96,2010-03-23,90.45,93.85,94.6,90.3,11624,107733762.0,4.75,3.7,3.35,8.94
97,2010-03-24,93.97,93.5,94.99,92.15,9130,85445852.0,3.03,-0.37,-0.35,7.02
98,2010-03-25,93.65,98.2,98.2,93.08,10641,102175594.0,5.48,5.03,4.7,8.19
99,2010-03-26,96.02,92.54,96.68,90.1,11243,105588996.0,6.7,-5.76,-5.66,8.65
100,2010-03-29,92.71,93.6,96.0,89.8,10346,96507134.0,6.7,1.15,1.06,7.96
101,2010-03-31,97.1,95.3,97.8,94.78,14361,138473907.0,3.23,1.82,1.7,11.05
102,2010-04-01,95.5,94.8,98.78,93.33,16096,155534069.0,5.72,-0.52,-0.5,12.38
103,2010-04-02,92.3,92.6,93.9,91.11,10451,96429942.0,2.94,-2.32,-2.2,8.04
104,2010-04-06,92.46,96.35,96.35,92.3,10386,98050798.0,4.37,4.05,3.75,7.99
105,2010-04-07,96.3,96.9,96.98,94.5,10721,102596490.0,2.57,0.57,0.55,8.25
106,2010-04-08,96.9,95.0,99.8,95.0,11679,114043033.0,4.95,-1.96,-1.9,8.98
107,2010-04-09,95.01,99.8,99.88,94.62,12015,117537217.0,5.54,5.05,4.8,9.24
108,2010-04-12,100.51,105.69,105.86,99.59,13070,134521023.0,6.28,5.9,5.89,10.05
109,2010-04-13,104.0,96.05,106.35,95.12,16308,160444924.0,10.63,-9.12,-9.64,12.54
110,2010-04-14,95.5,96.0,97.5,94.2,9606,92160590.0,3.44,-0.05,-0.05,7.39
111,2010-04-15,95.23,87.22,96.35,86.4,14846,133086976.0,10.36,-9.15,-8.78,11.42
112,2010-04-16,86.99,89.07,90.9,85.02,10889,96829188.0,6.74,2.12,1.85,8.38
113,2010-04-19,88.95,87.87,90.59,86.11,8704,77010902.0,5.03,-1.35,-1.2,6.7
114,2010-04-20,87.49,85.06,87.49,82.88,9143,76899876.0,5.25,-3.2,-2.81,7.03
115,2010-04-22,88.38,92.39,93.0,87.9,17582,159248297.0,6.0,8.62,7.33,13.52
116,2010-04-23,91.42,90.98,93.95,89.5,11790,108016027.0,4.82,-1.53,-1.41,9.07
117,2010-04-26,86.97,84.0,87.0,82.81,14267,120476030.0,4.61,-7.67,-6.98,10.97
118,2010-04-27,83.0,78.2,83.0,77.5,12640,100080189.0,6.55,-6.9,-5.8,9.72
119,2010-04-28,77.8,79.0,80.5,77.01,7792,61489272.0,4.46,1.02,0.8,5.99
120,2010-04-29,79.0,74.51,79.98,74.32,7715,59816846.0,7.16,-5.68,-4.49,5.93
121,2010-04-30,74.0,73.77,74.7,71.25,7839,56910885.0,4.63,-0.99,-0.74,6.03
122,2010-05-04,71.88,75.65,76.0,71.31,6759,50472138.0,6.36,2.55,1.88,5.2
123,2010-05-05,74.0,78.6,78.6,74.0,7149,55143865.0,6.08,3.9,2.95,5.5
124,2010-05-06,78.0,73.08,78.6,73.01,6773,51682004.0,7.11,-7.02,-5.52,5.21
125,2010-05-07,70.0,75.0,75.78,69.5,8297,60196955.0,8.59,2.63,1.92,6.38
126,2010-05-10,73.99,74.4,75.66,71.01,6236,45493849.0,6.2,-0.8,-0.6,4.8
127,2010-05-11,76.05,71.6,76.11,71.06,5013,36719925.0,6.79,-3.76,-2.8,3.86
128,2010-05-12,71.7,72.78,74.2,71.7,4750,34566140.0,3.49,1.65,1.18,3.65
129,2010-05-13,72.8,72.29,73.68,68.1,6545,46263820.0,7.67,-0.67,-0.49,5.03
130,2010-05-14,71.3,72.25,72.87,70.14,3395,24274796.0,3.78,-0.06,-0.04,2.61
131,2010-05-17,71.0,69.62,71.87,69.38,4012,28457082.0,3.45,-3.64,-2.63,3.09
132,2010-05-18,69.62,68.5,70.5,65.1,6780,45827071.0,7.76,-1.61,-1.12,5.22
133,2010-05-19,33.59,34.38,35.49,32.22,11046,37756674.0,4.77,-49.81,-34.12,4.25
134,2010-05-20,34.0,33.01,35.12,33.0,7478,25542237.0,6.17,-3.98,-1.37,2.88
135,2010-05-21,31.51,33.2,34.3,31.17,14707,48350338.0,9.48,0.58,0.19,5.66
136,2010-05-24,33.5,35.95,36.1,33.5,20065,71061736.0,7.83,8.28,2.75,7.72
137,2010-05-25,35.7,35.38,36.17,35.01,14006,49880937.0,3.23,-1.59,-0.57,5.39
138,2010-05-26,35.11,34.9,36.27,34.56,11051,39123042.0,4.83,-1.36,-0.48,4.25
139,2010-05-27,34.95,36.65,36.7,33.9,17463,61900319.0,8.02,5.01,1.75,6.72
140,2010-05-28,36.85,38.9,40.0,36.78,28541,108737563.0,8.79,6.14,2.25,10.98
141,2010-05-31,38.4,37.7,39.58,37.7,19952,76955335.0,4.83,-3.08,-1.2,7.67
142,2010-06-01,36.66,37.01,37.6,36.02,15364,56425699.0,4.19,-1.83,-0.69,5.91
143,2010-06-02,36.89,39.75,39.8,36.5,20155,77195323.0,8.92,7.4,2.74,7.75
144,2010-06-03,39.75,40.01,40.76,39.0,20355,81560715.0,4.43,0.65,0.26,7.83
145,2010-06-04,40.28,40.89,40.99,39.1,17342,69593225.0,4.72,2.2,0.88,6.67
146,2010-06-07,40.3,42.68,43.88,39.8,32952,139778637.0,9.98,4.38,1.79,12.67
147,2010-06-08,42.3,41.49,42.5,41.02,20046,83556141.0,3.47,-2.79,-1.19,7.71
148,2010-06-09,41.55,40.71,42.83,40.5,22815,95149503.0,5.62,-1.88,-0.78,8.77
149,2010-06-10,40.59,41.6,42.18,40.55,14369,59731238.0,4.0,2.19,0.89,5.53
150,2010-06-11,41.99,42.88,43.87,41.6,23157,98965666.0,5.46,3.08,1.28,8.91
151,2010-06-17,42.88,40.22,43.38,39.9,16709,69356602.0,8.12,-6.2,-2.66,6.43
152,2010-06-18,39.88,37.5,39.88,36.9,17737,67489540.0,7.41,-6.76,-2.72,6.82
153,2010-06-21,37.24,38.37,38.87,35.08,10922,41110195.0,10.11,2.32,0.87,4.2
154,2010-06-22,38.38,38.19,39.3,38.0,7962,30738570.0,3.39,-0.47,-0.18,3.06
155,2010-06-23,38.14,38.52,38.88,36.57,8102,30646561.0,6.05,0.86,0.33,3.12
156,2010-06-24,38.08,39.29,39.29,37.2,9170,35406904.0,5.43,2.0,0.77,3.53
157,2010-06-25,39.0,38.23,39.3,37.43,8580,32743661.0,4.76,-2.7,-1.06,3.3
158,2010-06-28,38.0,36.5,38.1,36.0,6119,22586999.0,5.49,-4.53,-1.73,2.35
159,2010-06-29,36.12,32.85,36.8,32.85,16000,54111994.0,10.82,-10.0,-3.65,6.15
160,2010-06-30,32.11,32.93,33.4,30.08,13752,43649956.0,10.11,0.24,0.08,5.29
161,2010-07-01,32.6,31.55,33.15,31.5,7480,24151484.0,5.01,-4.19,-1.38,2.88
162,2010-07-02,31.5,31.67,32.0,29.8,8477,26269944.0,6.97,0.38,0.12,3.26
163,2010-07-05,31.0,32.93,33.45,30.8,15049,49074552.0,8.37,3.98,1.26,5.79
164,2010-07-06,33.18,34.66,35.35,32.9,15106,52079383.0,7.44,5.25,1.73,5.81
165,2010-07-07,34.69,34.87,35.25,33.51,9276,31924410.0,5.02,0.61,0.21,3.57
166,2010-07-08,34.8,34.4,34.98,33.7,8317,28535057.0,3.67,-1.35,-0.47,3.2
167,2010-07-09,34.06,34.97,35.52,33.78,10365,36129083.0,5.06,1.66,0.57,3.99
168,2010-07-12,34.98,34.9,35.38,34.52,7753,27077296.0,2.46,-0.2,-0.07,2.98
169,2010-07-13,34.56,35.75,36.2,34.11,11883,41760183.0,5.99,2.44,0.85,4.57
170,2010-07-14,35.35,35.49,36.1,35.2,11522,40989497.0,2.52,-0.73,-0.26,4.43
171,2010-07-15,35.51,33.09,35.53,33.03,9271,31760822.0,7.04,-6.76,-2.4,3.57
172,2010-07-16,32.99,32.52,33.0,31.45,8006,25814879.0,4.68,-1.72,-0.57,3.08
173,2010-07-19,31.91,33.35,33.38,31.8,6688,21978660.0,4.86,2.55,0.83,2.57
174,2010-07-20,33.37,34.26,34.5,33.07,8525,29123129.0,4.29,2.73,0.91,3.28
175,2010-07-21,34.3,34.1,35.3,33.8,10406,35973075.0,4.38,-0.47,-0.16,4.0
176,2010-07-22,34.1,34.46,34.46,33.3,11900,40435435.0,3.4,1.06,0.36,4.58
177,2010-07-23,34.51,35.26,35.65,34.47,15355,53880583.0,3.42,2.32,0.8,5.91
178,2010-07-26,36.3,37.07,37.49,36.3,20041,74004525.0,3.37,5.13,1.81,7.71
179,2010-07-28,36.4,37.15,37.32,35.8,18142,66764442.0,4.1,0.22,0.08,6.98
180,2010-07-29,36.5,35.87,37.1,34.0,25731,93657755.0,8.34,-3.45,-1.28,9.9
181,2010-07-30,35.7,36.15,36.55,35.31,11528,41602193.0,3.46,0.78,0.28,4.43
182,2010-08-02,36.3,37.15,37.2,36.18,16817,61903620.0,2.82,2.77,1.0,6.47
183,2010-08-03,37.16,36.2,37.24,36.2,10726,39305439.0,2.8,-2.56,-0.95,4.13
184,2010-08-04,36.01,35.99,36.17,35.33,7483,26683106.0,2.32,-0.58,-0.21,2.88
185,2010-08-05,35.9,36.25,36.89,35.9,6648,24304915.0,2.75,0.72,0.26,2.56
186,2010-08-06,36.25,37.26,37.27,36.25,12504,46252910.0,2.81,2.79,1.01,4.81
187,2010-08-09,37.15,37.82,37.95,37.03,11155,41936725.0,2.47,1.5,0.56,4.29
188,2010-08-10,37.82,36.34,38.39,36.34,11360,42374662.0,5.42,-3.91,-1.48,4.37
189,2010-08-11,36.1,36.5,36.83,36.01,6155,22430889.0,2.26,0.44,0.16,2.37
190,2010-08-12,36.09,36.21,37.2,35.52,8747,31815328.0,4.6,-0.79,-0.29,3.36
191,2010-08-13,36.1,36.5,36.58,35.62,6383,23126135.0,2.65,0.8,0.29,2.46
192,2010-08-16,36.59,37.73,37.98,36.59,18503,68925186.0,3.81,3.37,1.23,7.12
193,2010-08-17,37.6,37.26,37.6,36.88,12209,45480752.0,1.91,-1.25,-0.47,4.7
194,2010-08-18,37.26,38.14,38.15,37.04,15452,58170775.0,2.98,2.36,0.88,5.94
195,2010-08-19,38.5,37.84,38.5,37.51,15065,57219031.0,2.6,-0.79,-0.3,5.79
196,2010-08-20,37.85,36.33,37.88,36.32,12641,46745908.0,4.12,-3.99,-1.51,4.86
197,2010-08-23,36.3,37.05,37.27,36.01,7552,27820323.0,3.47,1.98,0.72,2.9
198,2010-08-24,37.0,36.75,37.0,36.12,7361,26990707.0,2.38,-0.81,-0.3,2.83
199,2010-08-25,36.7,36.33,37.19,35.5,10002,36479530.0,4.6,-1.14,-0.42,3.85
200,2010-08-26,36.32,35.91,36.36,35.0,5902,21097873.0,3.74,-1.16,-0.42,2.27
201,2010-08-27,35.9,36.23,36.56,35.66,3904,14141111.0,2.51,0.89,0.32,1.5
202,2010-08-30,36.57,37.2,37.49,36.12,11404,41934882.0,3.78,2.68,0.97,4.39
203,2010-08-31,37.19,37.24,37.49,36.31,8575,31745776.0,3.17,0.11,0.04,3.3
204,2010-09-01,37.25,35.99,37.46,35.01,12529,45432462.0,6.58,-3.36,-1.25,4.82
205,2010-09-02,36.09,35.99,36.53,35.68,7535,27228264.0,2.36,0.0,0.0,2.9
206,2010-09-03,36.2,36.15,36.98,35.61,8954,32412899.0,3.81,0.44,0.16,3.44
207,2010-09-06,36.46,35.37,36.69,35.02,10592,37598471.0,4.62,-2.16,-0.78,4.07
208,2010-09-07,35.2,35.41,35.43,35.03,4795,16903362.0,1.13,0.11,0.04,1.84
209,2010-09-08,35.38,35.22,35.66,35.08,5818,20521250.0,1.64,-0.54,-0.19,2.24
210,2010-09-09,35.22,35.32,35.74,35.15,6648,23584081.0,1.68,0.28,0.1,2.56
211,2010-09-10,35.49,36.83,36.83,35.35,14510,52668287.0,4.19,4.28,1.51,5.58
212,2010-09-13,36.83,36.82,37.99,36.56,13298,49354321.0,3.88,-0.03,-0.01,5.11
213,2010-09-14,36.83,35.97,37.07,35.88,10344,37522144.0,3.23,-2.31,-0.85,3.98
214,2010-09-15,35.65,34.45,35.89,34.35,7929,27874237.0,4.28,-4.23,-1.52,3.05
215,2010-09-16,34.35,33.2,34.79,33.01,5307,17843609.0,5.17,-3.63,-1.25,2.04
216,2010-09-17,33.11,32.81,33.68,32.21,3951,12989707.0,4.43,-1.17,-0.39,1.52
217,2010-09-20,32.7,31.53,32.93,31.27,4473,14300141.0,5.06,-3.9,-1.28,1.72
218,2010-09-21,31.6,31.81,32.78,30.53,4309,13660189.0,7.14,0.89,0.28,1.66
219,2010-09-27,31.85,33.17,33.2,31.1,5250,17006147.0,6.6,4.28,1.36,2.02
220,2010-09-28,33.17,32.72,33.88,32.5,4932,16315332.0,4.16,-1.36,-0.45,1.9
221,2010-09-29,32.98,31.5,32.98,31.37,4112,13073986.0,4.92,-3.73,-1.22,1.58
222,2010-09-30,31.4,33.3,33.48,31.19,5296,17395584.0,7.27,5.71,1.8,2.04
223,2010-10-08,33.4,33.51,33.88,33.0,3722,12427706.0,2.64,0.63,0.21,1.43
224,2010-10-11,33.7,32.23,33.79,31.91,6795,22310036.0,5.61,-3.82,-1.28,2.61
225,2010-10-12,32.2,31.97,32.88,31.96,5871,18916323.0,2.85,-0.81,-0.26,2.26
226,2010-10-13,31.98,32.56,32.68,31.15,9413,29785097.0,4.79,1.85,0.59,3.62
227,2010-10-14,32.5,32.88,33.5,32.12,8487,27929895.0,4.24,0.98,0.32,3.26
228,2010-10-15,32.9,32.0,32.94,31.8,5965,19155516.0,3.47,-2.68,-0.88,2.29
229,2010-10-18,31.9,31.5,31.9,30.62,8761,27094645.0,4.0,-1.56,-0.5,3.37
230,2010-10-19,31.5,34.65,34.65,31.21,18989,64823804.0,10.92,10.0,3.15,7.3
231,2010-10-20,34.44,35.0,36.5,34.02,24532,87212388.0,7.16,1.01,0.35,9.44
232,2010-10-21,35.05,34.22,35.15,33.2,10409,35370799.0,5.57,-2.23,-0.78,4.0
233,2010-10-22,34.02,35.19,36.25,34.02,8650,30623624.0,6.52,2.83,0.97,3.33
234,2010-10-25,35.25,35.92,36.65,35.0,10768,38659447.0,4.69,2.07,0.73,4.14
235,2010-10-26,35.91,36.08,36.8,35.2,9030,32344713.0,4.45,0.45,0.16,3.47
236,2010-10-27,35.5,34.8,36.0,34.8,11814,41746845.0,3.33,-3.55,-1.28,4.54
237,2010-10-28,34.59,36.46,36.49,34.07,14097,50335133.0,6.95,4.77,1.66,5.42
238,2010-10-29,37.0,37.6,38.42,36.52,21529,81113637.0,5.21,3.13,1.14,8.28
239,2010-11-01,38.0,40.65,41.36,38.0,38570,153919136.0,8.94,8.11,3.05,12.54
240,2010-11-02,40.65,38.09,40.7,38.0,21033,82304455.0,6.64,-6.3,-2.56,6.84
241,2010-11-03,37.82,36.11,37.82,35.9,14798,54045736.0,5.04,-5.2,-1.98,4.81
242,2010-11-04,36.0,36.11,36.82,35.5,12056,43613885.0,3.66,0.0,0.0,3.92
243,2010-11-05,36.55,37.86,37.99,35.58,17768,65292666.0,6.67,4.85,1.75,5.78
244,2010-11-08,37.51,38.83,38.87,37.16,40861,154892915.0,4.52,2.56,0.97,13.29
245,2010-11-09,38.11,38.57,38.79,37.77,15206,58044233.0,2.63,-0.67,-0.26,4.94
246,2010-11-10,38.25,39.6,40.15,38.05,19272,76055031.0,5.44,2.67,1.03,6.27
247,2010-11-11,39.59,38.81,40.51,38.81,23347,92670005.0,4.29,-1.99,-0.79,7.59
248,2010-11-12,38.6,37.4,40.5,37.0,30530,118587367.0,9.02,-3.63,-1.41,9.93
249,2010-11-15,38.04,40.16,40.2,37.67,20671,81531141.0,6.76,7.38,2.76,6.72
250,2010-11-16,40.39,39.9,41.85,38.51,26123,106266715.0,8.32,-0.65,-0.26,8.49
251,2010-11-17,39.3,39.2,41.13,38.92,13952,55713490.0,5.54,-1.75,-0.7,4.54
252,2010-11-18,39.2,39.21,39.77,37.7,13213,50914135.0,5.28,0.03,0.01,4.3
253,2010-11-19,39.12,40.56,40.56,38.6,16821,67020613.0,5.0,3.44,1.35,5.47
254,2010-11-22,40.43,39.79,41.72,39.01,27278,110612299.0,6.68,-1.9,-0.77,8.87
255,2010-11-23,39.78,39.02,39.78,38.01,14919,57700101.0,4.45,-1.94,-0.77,4.85
256,2010-11-24,38.61,39.14,39.59,38.31,23781,92654440.0,3.28,0.31,0.12,7.73
257,2010-11-25,39.15,37.86,39.46,37.69,21493,82261405.0,4.52,-3.27,-1.28,6.99
258,2010-11-26,37.8,38.38,38.4,37.79,13477,51254341.0,1.61,1.37,0.52,4.38
259,2010-11-29,38.37,38.67,38.97,37.8,14348,55180157.0,3.05,0.76,0.29,4.67
260,2010-11-30,38.5,36.0,39.06,35.0,20322,74588620.0,10.5,-6.9,-2.67,6.61
261,2010-12-01,36.0,35.17,36.29,34.6,10409,36747679.0,4.69,-2.31,-0.83,3.38
262,2010-12-02,35.56,35.36,36.35,35.15,13504,48178553.0,3.41,0.54,0.19,4.39
263,2010-12-03,35.6,34.39,35.99,34.15,14526,50437678.0,5.2,-2.74,-0.97,4.72
264,2010-12-06,34.39,33.36,34.4,32.8,13601,45428135.0,4.65,-3.0,-1.03,4.42
265,2010-12-07,33.5,33.81,34.1,33.1,10963,37075523.0,3.0,1.35,0.45,3.56
266,2010-12-08,34.09,35.92,36.98,34.09,33204,118056775.0,8.55,6.24,2.11,10.8
267,2010-12-09,36.0,36.76,37.99,35.62,40364,149979281.0,6.6,2.34,0.84,13.13
268,2010-12-10,36.28,38.16,39.1,36.0,29634,111846704.0,8.43,3.81,1.4,9.64
269,2010-12-13,38.35,39.16,40.0,37.8,40096,156615998.0,5.77,2.62,1.0,13.04
270,2010-12-14,38.7,38.81,39.49,38.01,23539,91216686.0,3.78,-0.89,-0.35,7.65
271,2010-12-15,38.68,38.16,38.89,38.01,15209,58244690.0,2.27,-1.67,-0.65,4.95
272,2010-12-16,38.0,39.09,39.85,37.85,22794,89231364.0,5.24,2.44,0.93,7.41
273,2010-12-17,38.8,41.16,41.16,38.8,33374,134773646.0,6.04,5.3,2.07,10.85
274,2010-12-20,41.58,41.68,41.99,38.77,44746,182351374.0,7.82,1.26,0.52,14.55
275,2010-12-21,41.68,43.18,44.03,41.08,32950,141091380.0,7.08,3.6,1.5,10.71
276,2010-12-22,42.95,43.0,44.53,42.61,26935,117362519.0,4.45,-0.42,-0.18,8.76
277,2010-12-23,43.18,40.85,43.35,40.6,21682,90663888.0,6.4,-5.0,-2.15,7.05
278,2010-12-24,40.4,40.01,41.76,39.6,16291,66452619.0,5.29,-2.06,-0.84,5.3
279,2010-12-27,40.01,38.48,40.99,38.03,19913,79078105.0,7.4,-3.82,-1.53,6.48
280,2010-12-28,37.89,39.27,39.98,37.72,12624,48791054.0,5.87,2.05,0.79,4.11
281,2010-12-29,39.01,40.01,40.44,39.01,12238,48882820.0,3.64,1.88,0.74,3.98
282,2010-12-30,39.9,39.69,40.48,39.11,11187,44591290.0,3.42,-0.8,-0.32,3.64
283,2010-12-31,39.41,40.16,40.64,39.41,11548,46355644.0,3.1,1.18,0.47,3.76
284,2011-01-04,40.18,43.53,43.55,40.18,23377,99371885.0,8.39,8.39,3.37,7.6
285,2011-01-05,43.51,44.02,45.99,42.58,35829,160097546.0,7.83,1.13,0.49,11.65
286,2011-01-06,44.05,44.4,44.5,42.68,17724,77401518.0,4.13,0.86,0.38,5.76
287,2011-01-07,44.48,43.92,45.95,43.1,22575,100599787.0,6.42,-1.08,-0.48,7.34
288,2011-01-10,43.92,40.68,43.92,40.11,23447,98238012.0,8.67,-7.38,-3.24,7.62
289,2011-01-11,40.0,39.03,40.0,38.52,17935,70148675.0,3.64,-4.06,-1.65,5.83
290,2011-01-12,39.05,40.22,40.22,38.99,11290,44652586.0,3.15,3.05,1.19,3.67
291,2011-01-13,40.51,40.0,40.63,39.5,9780,39322152.0,2.81,-0.55,-0.22,3.18
292,2011-01-14,40.0,40.6,41.3,38.77,13987,56346642.0,6.33,1.5,0.6,4.55
293,2011-01-17,40.02,39.06,40.97,38.78,11502,45675161.0,5.39,-3.79,-1.54,3.74
294,2011-01-18,38.86,37.95,38.86,37.5,8795,33386315.0,3.48,-2.84,-1.11,2.86
295,2011-01-19,37.95,40.78,40.97,37.95,14359,57345935.0,7.96,7.46,2.83,4.67
296,2011-01-20,40.53,38.89,41.2,38.8,17244,68888302.0,5.89,-4.63,-1.89,5.61
297,2011-01-21,38.75,40.81,41.2,38.1,16956,68259880.0,7.97,4.94,1.92,5.51
298,2011-01-24,39.93,39.81,41.3,39.5,12219,49411986.0,4.41,-2.45,-1.0,3.97
299,2011-01-25,39.8,36.6,39.8,35.83,19405,71718440.0,9.97,-8.06,-3.21,6.31
300,2011-01-26,36.2,37.51,37.71,35.56,11373,42064209.0,5.87,2.49,0.91,3.7
301,2011-01-28,38.28,37.7,38.58,37.45,9113,34623958.0,3.01,0.51,0.19,2.96
302,2011-01-31,37.7,39.85,40.18,37.7,11236,44356299.0,6.58,5.7,2.15,3.65
303,2011-02-01,39.85,39.39,40.38,38.88,7636,30110869.0,3.76,-1.15,-0.46,2.48
304,2011-02-09,39.16,40.01,40.39,38.66,9921,39435910.0,4.39,1.57,0.62,3.23
305,2011-02-10,40.0,40.81,40.98,39.12,10641,42748014.0,4.65,2.0,0.8,3.46
306,2011-02-11,40.95,40.26,40.95,40.18,9383,37970942.0,1.89,-1.35,-0.55,3.05
307,2011-02-14,40.1,39.38,40.11,38.55,24648,96853485.0,3.87,-2.19,-0.88,8.02
308,2011-02-15,39.39,40.79,41.0,38.8,33377,133736526.0,5.59,3.58,1.41,10.85
309,2011-02-16,40.77,41.91,42.25,40.36,32431,134768460.0,4.63,2.75,1.12,10.55
310,2011-02-17,41.72,42.24,42.64,41.12,21976,92062819.0,3.63,0.79,0.33,7.15
311,2011-02-18,42.0,39.97,42.0,39.51,25351,103102712.0,5.89,-5.37,-2.27,8.24
312,2011-02-21,40.15,42.09,42.1,40.1,25086,103995919.0,5.0,5.3,2.12,8.16
313,2011-02-22,42.1,40.21,42.12,39.98,23218,94902611.0,5.08,-4.47,-1.88,7.55
314,2011-02-23,39.81,40.35,41.08,39.75,13896,56327027.0,3.31,0.35,0.14,4.52
315,2011-02-24,40.31,39.55,40.33,39.0,16361,64398749.0,3.3,-1.98,-0.8,5.32
316,2011-02-25,38.02,38.15,38.78,37.05,21905,83063877.0,4.37,-3.54,-1.4,7.12
317,2011-02-28,38.15,37.93,38.6,37.68,10934,41739205.0,2.41,-0.58,-0.22,3.56
318,2011-03-01,37.94,37.5,38.35,37.21,21709,81593414.0,3.01,-1.13,-0.43,7.06
319,2011-03-02,37.65,38.8,39.08,37.34,21860,83212904.0,4.64,3.47,1.3,7.11
320,2011-03-03,38.64,37.5,38.65,37.47,13325,50559861.0,3.04,-3.35,-1.3,4.33
321,2011-03-04,37.5,37.29,37.85,36.6,12083,44899868.0,3.33,-0.56,-0.21,3.93
322,2011-03-07,37.36,37.7,37.74,36.82,16495,61403615.0,2.47,1.1,0.41,5.36
323,2011-03-08,37.7,37.48,37.96,37.18,9332,34971770.0,2.07,-0.58,-0.22,3.03
324,2011-03-09,37.68,38.13,38.44,37.4,14290,54277685.0,2.77,1.73,0.65,4.65
325,2011-03-10,38.0,37.95,38.8,37.86,15209,58248271.0,2.47,-0.47,-0.18,4.95
326,2011-03-11,37.88,37.2,37.89,37.11,12930,48318201.0,2.06,-1.98,-0.75,4.2
327,2011-03-14,37.18,36.69,37.2,36.19,13714,50096619.0,2.72,-1.37,-0.51,4.46
328,2011-03-15,36.74,36.2,36.89,35.72,8157,29496017.0,3.19,-1.34,-0.49,2.65
329,2011-03-16,36.0,36.44,36.49,35.87,7257,26368473.0,1.71,0.66,0.24,2.36
330,2011-03-17,36.46,35.49,36.46,35.49,11407,40882474.0,2.66,-2.61,-0.95,3.71
331,2011-03-18,35.78,35.6,35.98,35.35,17492,62190349.0,1.78,0.31,0.11,5.69
332,2011-03-21,35.7,35.25,35.77,35.01,7502,26427057.0,2.13,-0.98,-0.35,2.44
333,2011-03-22,35.45,35.8,35.8,35.25,7792,27681921.0,1.56,1.56,0.55,2.53
334,2011-03-24,35.92,35.5,36.25,35.49,8203,29376611.0,2.12,-0.84,-0.3,2.67
335,2011-03-25,35.52,35.57,36.14,35.5,7125,25464173.0,1.8,0.2,0.07,2.32
336,2011-03-28,35.8,35.67,36.0,35.42,6640,23676080.0,1.63,0.28,0.1,2.16
337,2011-03-29,35.83,33.38,35.83,33.19,17492,59789175.0,7.4,-6.42,-2.29,5.69
338,2011-03-30,33.3,32.3,33.47,32.0,13277,43160532.0,4.4,-3.24,-1.08,4.32
339,2011-03-31,32.3,32.9,33.16,32.3,7790,25540931.0,2.66,1.86,0.6,2.53
340,2011-04-06,32.57,32.75,33.33,32.57,5246,17256793.0,2.31,-0.46,-0.15,1.71
341,2011-04-07,32.77,33.22,33.3,32.77,5106,16931102.0,1.62,1.44,0.47,1.66
342,2011-04-08,33.4,33.1,33.4,33.06,5515,18286626.0,1.02,-0.36,-0.12,1.79
343,2011-04-11,33.1,32.5,33.38,32.28,7577,24752511.0,3.32,-1.81,-0.6,2.46
344,2011-04-12,32.5,32.04,32.64,32.01,6137,19723748.0,1.94,-1.42,-0.46,2.0
345,2011-04-13,32.05,32.92,32.95,32.05,6274,20493069.0,2.81,2.75,0.88,2.04
346,2011-04-14,32.75,32.43,32.92,32.43,4949,16131039.0,1.49,-1.49,-0.49,1.61
347,2011-04-15,32.46,31.85,32.66,31.7,6940,22239617.0,2.96,-1.79,-0.58,2.26
348,2011-04-18,31.85,31.28,31.85,30.9,7433,23241115.0,2.98,-1.79,-0.57,2.42
349,2011-04-19,31.3,31.6,31.75,30.93,4866,15208278.0,2.62,1.02,0.32,1.58
350,2011-04-20,31.6,31.9,32.09,31.17,4693,14896230.0,2.91,0.95,0.3,1.53
351,2011-04-21,32.15,31.82,32.18,31.65,4075,12986939.0,1.66,-0.25,-0.08,1.33
352,2011-04-22,31.8,31.48,31.8,31.41,3519,11116601.0,1.23,-1.07,-0.34,1.14
353,2011-04-25,31.75,30.61,31.75,30.61,4557,14103203.0,3.62,-2.76,-0.87,1.48
354,2011-04-26,30.33,30.06,30.69,30.0,4845,14660709.0,2.25,-1.8,-0.55,1.58
355,2011-04-27,30.1,28.09,30.49,27.93,11476,33035625.0,8.52,-6.55,-1.97,3.73
356,2011-04-28,27.9,26.61,28.19,26.5,7357,19848739.0,6.02,-5.27,-1.48,2.39
357,2011-04-29,26.65,27.3,27.3,26.02,4905,13057494.0,4.81,2.59,0.69,1.6
358,2011-05-03,27.1,27.4,27.68,26.61,3728,10154809.0,3.92,0.37,0.1,1.21
359,2011-05-04,27.26,26.41,27.3,26.3,3162,8467313.0,3.65,-3.61,-0.99,1.03
360,2011-05-05,25.85,26.41,26.88,25.66,3477,9199363.0,4.62,0.0,0.0,1.13
361,2011-05-06,26.11,26.5,26.64,26.0,2850,7532305.0,2.42,0.34,0.09,0.93
362,2011-05-09,26.6,27.3,27.87,26.6,6121,16786438.0,4.79,3.02,0.8,1.99
363,2011-05-10,27.38,27.29,27.55,27.01,2832,7700155.0,1.98,-0.04,-0.01,0.92
364,2011-05-11,27.25,27.14,27.46,27.1,3042,8294415.0,1.32,-0.55,-0.15,0.99
365,2011-05-12,27.18,26.07,27.2,26.07,3779,10011411.0,4.16,-3.94,-1.07,1.23
366,2011-05-13,26.04,26.08,26.24,25.76,3824,9940722.0,1.84,0.04,0.01,1.24
367,2011-05-16,25.92,25.91,26.22,25.87,2699,7032406.0,1.34,-0.65,-0.17,0.88
368,2011-05-17,25.91,25.91,26.08,25.11,2963,7604854.0,3.74,0.0,0.0,0.96
369,2011-05-18,25.75,25.79,25.99,25.66,2716,7007093.0,1.27,-0.46,-0.12,0.88
370,2011-05-19,25.83,25.89,26.31,25.79,2609,6789955.0,2.02,0.39,0.1,0.85
371,2011-05-20,25.94,25.7,25.97,25.7,3494,9006083.0,1.04,-0.73,-0.19,1.14
372,2011-05-23,25.75,24.05,25.75,24.01,5597,13808119.0,6.77,-6.42,-1.65,1.82
373,2011-05-24,24.01,24.77,24.88,22.52,10921,25986911.0,9.81,2.99,0.72,3.55
374,2011-05-25,24.77,24.28,25.25,24.02,6422,15745380.0,4.97,-1.98,-0.49,2.09
375,2011-05-26,24.34,23.51,24.6,23.5,4362,10436358.0,4.53,-3.17,-0.77,1.42
376,2011-05-27,23.21,23.4,23.99,23.1,5094,12025952.0,3.79,-0.47,-0.11,1.66
377,2011-05-30,23.42,24.95,25.7,23.12,14410,35416665.0,11.03,6.62,1.55,4.69
378,2011-05-31,24.69,25.88,25.98,24.6,11390,28946464.0,5.53,3.73,0.93,3.71
379,2011-06-01,25.68,25.65,25.85,25.42,7079,18105120.0,1.66,-0.89,-0.23,2.3
380,2011-06-02,25.23,25.38,25.75,25.0,5865,14836063.0,2.92,-1.05,-0.27,1.91
381,2011-06-03,25.5,26.15,26.25,25.4,8461,21976779.0,3.35,3.03,0.77,2.75
382,2011-06-07,26.15,26.15,26.62,25.91,7425,19512960.0,2.72,0.0,0.0,2.42
383,2011-06-08,26.1,25.99,26.1,25.6,3961,10228940.0,1.91,-0.61,-0.16,1.29
384,2011-06-09,25.9,25.1,25.9,25.09,3335,8498253.0,3.12,-3.42,-0.89,1.09
385,2011-06-13,24.5,24.77,25.3,24.32,2697,6681024.0,3.9,-1.31,-0.33,0.88
386,2011-06-14,25.07,25.06,25.19,24.55,2598,6487798.0,2.58,1.17,0.29,0.85
387,2011-06-15,24.9,24.56,25.5,24.55,1353,3353800.0,3.79,-2.0,-0.5,0.44
388,2011-06-16,24.5,23.71,24.5,23.28,2774,6602658.0,4.97,-3.46,-0.85,0.9
389,2011-06-17,23.7,24.27,24.27,23.31,2263,5384009.0,4.05,2.36,0.56,0.74
390,2011-06-20,24.01,24.39,24.55,24.0,2731,6620220.0,2.27,0.49,0.12,0.89
391,2011-06-21,24.4,24.98,25.1,24.4,4391,10880356.0,2.87,2.42,0.59,1.43
392,2011-06-22,24.98,24.98,25.1,24.51,3491,8654171.0,2.36,0.0,0.0,1.14
393,2011-06-23,25.0,25.72,25.99,24.66,7503,19197098.0,5.32,2.96,0.74,2.44
394,2011-06-24,25.72,26.16,26.24,25.47,7687,19940965.0,2.99,1.71,0.44,2.5
395,2011-06-27,26.16,26.0,26.49,25.81,7034,18381993.0,2.6,-0.61,-0.16,2.29
396,2011-06-28,26.0,26.02,26.15,25.67,4849,12582524.0,1.85,0.08,0.02,1.58
397,2011-06-29,26.02,25.56,26.09,25.55,4511,11619949.0,2.08,-1.77,-0.46,1.47
398,2011-06-30,25.56,26.17,26.2,25.56,4666,12070403.0,2.5,2.39,0.61,1.52
399,2011-07-01,26.19,26.13,26.48,26.04,6019,15788049.0,1.68,-0.15,-0.04,1.96
400,2011-07-04,26.0,26.74,26.78,25.83,7472,19811011.0,3.64,2.33,0.61,2.43
401,2011-07-05,26.61,26.95,27.1,26.61,6189,16688379.0,1.83,0.79,0.21,2.01
402,2011-07-06,26.9,27.17,27.18,26.65,4480,12064350.0,1.97,0.82,0.22,1.46
403,2011-07-07,27.16,26.83,27.41,26.78,5260,14230743.0,2.32,-1.25,-0.34,1.71
404,2011-07-08,26.9,26.08,26.9,25.91,5428,14296011.0,3.69,-2.8,-0.75,1.77
405,2011-07-11,26.18,27.48,27.48,26.18,11312,30494275.0,4.98,5.37,1.4,3.68
406,2011-07-12,27.32,26.95,27.42,26.9,6297,17077128.0,1.89,-1.93,-0.53,2.05
407,2011-07-13,26.95,27.14,27.38,26.65,5276,14330189.0,2.71,0.71,0.19,1.72
408,2011-07-14,27.14,27.96,28.3,27.14,8504,23584363.0,4.27,3.02,0.82,2.77
409,2011-07-15,28.0,28.09,28.49,27.56,8261,23264041.0,3.33,0.46,0.13,2.69
410,2011-07-18,27.9,27.87,28.5,27.8,9467,26698089.0,2.49,-0.78,-0.22,3.08
411,2011-07-19,27.6,26.93,27.8,26.78,6316,17115591.0,3.66,-3.37,-0.94,2.06
412,2011-07-20,26.99,26.8,27.3,26.51,3591,9657933.0,2.93,-0.48,-0.13,1.17
413,2011-07-21,26.6,26.39,26.94,26.37,4520,11999917.0,2.13,-1.53,-0.41,1.47
414,2011-07-22,26.5,26.39,26.71,26.23,3266,8652300.0,1.82,0.0,0.0,1.06
415,2011-07-25,24.8,23.75,25.3,23.75,35559,85287462.0,5.87,-10.0,-2.64,11.57
416,2011-07-26,23.24,23.05,23.37,22.62,12846,29581088.0,3.16,-2.95,-0.7,4.18
417,2011-07-27,22.88,23.48,23.56,22.78,10050,23492802.0,3.38,1.87,0.43,3.27
418,2011-07-28,23.0,23.82,23.94,22.81,9308,22054046.0,4.81,1.45,0.34,3.03
419,2011-07-29,23.64,23.32,23.82,23.21,5836,13689712.0,2.56,-2.1,-0.5,1.9
420,2011-08-01,23.32,23.26,23.32,22.72,5926,13649096.0,2.57,-0.26,-0.06,1.93
421,2011-08-02,23.12,23.54,23.54,22.78,7422,17120913.0,3.27,1.2,0.28,2.42
422,2011-08-03,23.4,24.22,24.33,23.11,14619,35162202.0,5.18,2.89,0.68,4.76
423,2011-08-04,24.23,24.2,24.85,24.08,9977,24353655.0,3.18,-0.08,-0.02,3.25
424,2011-08-05,23.3,23.5,23.79,23.02,7242,16984004.0,3.18,-2.89,-0.7,2.36
425,2011-08-08,23.02,21.91,23.26,21.52,8010,17909854.0,7.4,-6.77,-1.59,2.61
426,2011-08-09,21.3,21.59,21.69,20.5,6770,14273983.0,5.43,-1.46,-0.32,2.2
427,2011-08-10,21.71,21.79,22.28,21.71,5426,11942411.0,2.64,0.93,0.2,1.77
428,2011-08-11,21.0,21.9,21.95,20.73,5554,11967775.0,5.6,0.5,0.11,1.81
429,2011-08-12,22.19,22.46,22.83,21.94,6279,14126906.0,4.06,2.56,0.56,2.04
430,2011-08-15,22.46,22.89,22.9,22.46,5994,13642873.0,1.96,1.91,0.43,1.95
431,2011-08-16,22.88,22.65,22.9,22.57,8286,18798057.0,1.44,-1.05,-0.24,2.7
432,2011-08-17,22.5,22.29,22.65,22.21,5956,13340497.0,1.94,-1.59,-0.36,1.94
433,2011-08-18,22.29,21.6,22.44,21.6,6140,13584596.0,3.77,-3.1,-0.69,2.0
434,2011-08-19,21.18,21.44,21.48,20.88,7119,15039160.0,2.78,-0.74,-0.16,2.32
435,2011-08-22,21.44,22.2,22.5,21.44,8331,18357819.0,4.94,3.54,0.76,2.71
436,2011-08-23,22.5,22.58,22.65,22.06,9307,20854337.0,2.66,1.71,0.38,3.03
437,2011-08-24,22.73,22.56,23.35,22.53,13869,31808514.0,3.63,-0.09,-0.02,4.51
438,2011-08-25,22.75,23.0,23.07,22.42,10065,22981917.0,2.88,1.95,0.44,3.28
439,2011-08-26,22.83,23.5,23.59,22.83,11266,26384153.0,3.3,2.17,0.5,3.67
440,2011-08-29,23.3,23.07,23.6,23.06,6905,16096020.0,2.3,-1.83,-0.43,2.25
441,2011-08-30,23.18,22.66,23.4,22.62,5647,12956215.0,3.38,-1.78,-0.41,1.84
442,2011-08-31,22.5,22.22,22.85,22.1,4968,11088419.0,3.31,-1.94,-0.44,1.62
443,2011-09-01,22.58,22.4,22.7,22.23,4573,10289955.0,2.12,0.81,0.18,1.49
444,2011-09-05,22.25,21.68,22.25,21.6,3726,8102082.0,2.9,-3.21,-0.72,1.21
445,2011-09-06,21.67,21.68,21.9,21.5,2363,5114241.0,1.85,0.0,0.0,0.77
446,2011-09-07,21.96,22.57,22.58,21.76,4175,9244115.0,3.78,4.11,0.89,1.36
447,2011-09-08,22.7,22.28,22.7,22.24,3253,7327762.0,2.04,-1.28,-0.29,1.06
448,2011-09-09,22.16,22.21,22.6,22.16,2236,4985617.0,1.97,-0.31,-0.07,0.73
449,2011-09-13,21.94,21.8,21.94,21.65,2847,6192190.0,1.31,-1.85,-0.41,0.93
450,2011-09-14,21.8,21.97,22.0,21.5,2246,4885725.0,2.29,0.78,0.17,0.73
451,2011-09-15,21.98,21.88,22.25,21.85,3014,6629448.0,1.82,-0.41,-0.09,0.98
452,2011-09-16,21.88,21.47,21.97,21.4,2889,6270975.0,2.61,-1.87,-0.41,0.94
453,2011-09-19,21.36,20.73,21.47,20.72,2456,5146817.0,3.49,-3.45,-0.74,0.8
454,2011-09-20,20.73,20.71,20.93,20.44,2319,4782656.0,2.36,-0.1,-0.02,0.75
455,2011-09-21,20.71,21.77,21.8,20.7,5203,11168701.0,5.31,5.12,1.06,1.69
456,2011-09-22,21.5,20.75,21.69,20.75,3632,7703596.0,4.32,-4.69,-1.02,1.18
457,2011-09-23,20.3,20.55,20.73,20.12,3378,6905575.0,2.94,-0.96,-0.2,1.1
458,2011-09-26,20.56,20.25,20.88,20.02,2974,6083402.0,4.18,-1.46,-0.3,0.97
459,2011-09-27,20.41,20.4,20.55,20.2,1831,3735812.0,1.73,0.74,0.15,0.6
460,2011-09-28,20.41,20.0,20.75,19.9,2792,5637933.0,4.17,-1.96,-0.4,0.91
461,2011-09-29,19.7,19.01,19.89,19.01,3967,7671037.0,4.4,-4.95,-0.99,1.29
462,2011-09-30,19.0,18.89,19.49,18.55,2288,4321356.0,4.94,-0.63,-0.12,0.74
463,2011-10-10,19.28,18.88,19.28,18.76,1597,3022337.0,2.75,-0.05,-0.01,0.52
464,2011-10-11,19.1,18.85,19.58,18.8,1712,3300637.0,4.13,-0.16,-0.03,0.56
465,2011-10-12,18.63,19.46,19.58,18.63,3657,7057359.0,5.04,3.24,0.61,1.19
466,2011-10-13,19.42,19.85,19.96,19.42,3907,7728341.0,2.77,2.0,0.39,1.27
467,2011-10-14,19.85,19.76,20.07,19.63,3045,6038395.0,2.22,-0.45,-0.09,0.99
468,2011-10-17,19.9,20.0,20.1,19.77,3044,6081082.0,1.67,1.21,0.24,0.99
469,2011-10-18,19.9,19.26,20.0,19.25,2995,5882577.0,3.75,-3.7,-0.74,0.97
470,2011-10-19,19.41,19.81,20.67,19.05,6025,12008278.0,8.41,2.86,0.55,1.96
471,2011-10-20,19.5,19.03,19.74,18.9,3361,6447474.0,4.24,-3.94,-0.78,1.09
472,2011-10-21,18.86,18.91,19.35,18.86,2100,4007618.0,2.57,-0.63,-0.12,0.68
473,2011-10-24,18.92,19.18,19.2,18.38,3969,7465698.0,4.34,1.43,0.27,1.29
474,2011-10-25,19.23,19.99,20.09,19.0,6586,12971029.0,5.68,4.22,0.81,2.14
475,2011-10-26,20.11,20.64,21.49,20.11,13778,28878895.0,6.9,3.25,0.65,4.48
476,2011-10-27,20.65,20.65,21.17,20.55,7497,15630652.0,3.0,0.05,0.01,2.44
477,2011-10-28,20.81,21.12,21.19,20.71,6970,14592554.0,2.32,2.28,0.47,2.27
478,2011-10-31,21.2,21.83,21.88,21.03,9806,21073835.0,4.02,3.36,0.71,3.19
479,2011-11-01,21.6,21.61,21.95,21.35,7330,15845028.0,2.75,-1.01,-0.22,2.39
480,2011-11-02,21.4,22.75,23.3,21.21,21125,47636636.0,9.67,5.28,1.14,6.88
481,2011-11-03,23.15,22.65,23.18,22.5,18334,41913885.0,2.99,-0.44,-0.1,5.97
482,2011-11-04,22.6,22.83,23.13,22.6,9243,21114096.0,2.34,0.79,0.18,3.01
483,2011-11-07,22.53,22.63,23.02,22.53,6279,14313182.0,2.15,-0.88,-0.2,2.04
484,2011-11-08,22.59,21.6,22.89,21.5,10155,22456588.0,6.14,-4.55,-1.03,3.31
485,2011-11-09,21.8,22.16,22.17,21.51,6044,13183365.0,3.06,2.59,0.56,1.97
486,2011-11-10,21.65,22.26,22.89,21.65,13356,29873013.0,5.6,0.45,0.1,4.35
487,2011-11-11,22.25,22.32,22.83,22.11,6237,14020879.0,3.23,0.27,0.06,2.03
488,2011-11-14,22.58,23.0,23.15,22.58,9997,22903935.0,2.55,3.05,0.68,3.25
489,2011-11-15,23.01,23.3,23.65,23.01,8877,20740081.0,2.78,1.3,0.3,2.89
490,2011-11-16,23.3,22.3,23.37,22.22,8361,18997771.0,4.94,-4.29,-1.0,2.72
491,2011-11-17,22.6,22.49,22.88,22.12,4529,10174766.0,3.41,0.85,0.19,1.47
492,2011-11-18,22.15,21.66,22.39,21.63,4817,10560764.0,3.38,-3.69,-0.83,1.57
493,2011-11-21,21.83,22.06,22.16,21.55,4865,10676989.0,2.82,1.85,0.4,1.58
494,2011-11-22,21.67,21.85,22.03,21.51,3740,8123754.0,2.36,-0.95,-0.21,1.22
495,2011-11-23,21.96,21.88,22.18,21.71,2212,4856698.0,2.15,0.14,0.03,0.72
496,2011-11-24,21.54,21.81,22.06,21.5,2382,5173472.0,2.56,-0.32,-0.07,0.78
497,2011-11-25,21.52,21.56,21.93,21.5,1901,4104706.0,1.97,-1.15,-0.25,0.62
498,2011-11-28,21.57,21.62,21.84,21.33,3090,6689665.0,2.37,0.28,0.06,1.01
499,2011-11-29,21.82,22.15,22.35,21.59,6545,14378984.0,3.52,2.45,0.53,2.13
500,2011-11-30,22.27,21.49,22.66,21.38,11581,25430208.0,5.78,-2.98,-0.66,3.77
501,2011-12-01,21.93,22.5,22.78,21.91,12463,27948078.0,4.05,4.7,1.01,4.06
502,2011-12-02,22.52,24.04,24.5,22.4,29480,68984876.0,9.33,6.84,1.54,9.6
503,2011-12-05,23.88,22.93,23.88,22.76,14553,34002634.0,4.66,-4.62,-1.11,4.74
504,2011-12-06,22.97,24.18,24.25,22.8,23185,55267636.0,6.32,5.45,1.25,7.55
505,2011-12-07,24.0,24.2,24.94,23.56,21069,51214264.0,5.71,0.08,0.02,6.86
506,2011-12-08,24.01,23.36,24.3,22.37,20294,47226645.0,7.98,-3.47,-0.84,6.61
507,2011-12-09,23.02,22.91,23.03,22.51,9996,22810271.0,2.23,-1.93,-0.45,3.25
508,2011-12-12,22.86,21.51,22.86,21.41,13203,29060402.0,6.33,-6.11,-1.4,4.3
509,2011-12-13,21.5,20.23,21.51,20.22,12672,26087899.0,6.0,-5.95,-1.28,4.12
510,2011-12-14,20.2,19.93,20.53,19.81,6470,13051714.0,3.56,-1.48,-0.3,2.11
511,2011-12-15,19.99,19.6,20.22,19.59,5255,10404608.0,3.16,-1.66,-0.33,1.71
512,2011-12-16,19.55,20.28,20.33,19.55,4853,9687416.0,3.98,3.47,0.68,1.58
513,2011-12-19,20.28,20.57,20.57,19.76,5643,11337291.0,3.99,1.43,0.29,1.84
514,2011-12-20,20.42,20.02,20.97,20.0,4914,10087018.0,4.72,-2.67,-0.55,1.6
515,2011-12-22,19.49,19.33,19.61,18.5,5911,11290239.0,5.54,-3.45,-0.69,1.92
516,2011-12-23,19.3,19.4,19.82,19.0,3271,6366537.0,4.24,0.36,0.07,1.06
517,2011-12-26,19.3,18.84,19.49,18.79,4300,8199673.0,3.61,-2.89,-0.56,1.4
518,2011-12-27,18.57,17.88,18.9,17.71,6805,12423253.0,6.32,-5.1,-0.96,2.22
519,2011-12-28,17.72,17.49,17.72,17.06,4226,7320243.0,3.69,-2.18,-0.39,1.38
520,2011-12-29,17.33,17.68,18.2,17.33,5119,9150715.0,4.97,1.09,0.19,1.67
521,2011-12-30,17.68,17.93,18.3,17.68,3202,5752116.0,3.51,1.41,0.25,1.04
522,2012-01-04,18.33,17.58,18.39,17.58,3662,6609267.0,4.52,-1.95,-0.35,1.19
523,2012-01-05,17.3,16.63,17.6,16.58,3714,6310566.0,5.8,-5.4,-0.95,1.21
524,2012-01-06,16.51,16.95,16.98,16.1,2982,4951025.0,5.29,1.92,0.32,0.97
525,2012-01-09,16.95,17.65,17.68,16.61,5020,8715391.0,6.31,4.13,0.7,1.63
526,2012-01-10,17.43,18.3,18.37,17.4,6452,11673950.0,5.5,3.68,0.65,2.1
527,2012-01-11,18.17,18.36,18.7,18.1,4601,8464351.0,3.28,0.33,0.06,1.5
528,2012-01-12,18.2,18.12,18.5,17.98,4885,8889974.0,2.83,-1.31,-0.24,1.59
529,2012-01-13,18.18,17.0,18.18,16.99,5948,10369246.0,6.57,-6.18,-1.12,1.94
530,2012-01-17,16.6,17.71,17.75,16.1,8373,14171227.0,9.71,4.18,0.71,2.73
531,2012-01-18,17.3,16.6,17.37,16.59,8958,15310265.0,4.4,-6.27,-1.11,2.92
532,2012-01-19,16.5,16.71,16.88,16.3,5552,9210238.0,3.49,0.66,0.11,1.81
533,2012-01-20,16.6,16.97,17.2,16.6,4108,6942162.0,3.59,1.56,0.26,1.34
534,2012-01-30,16.98,16.9,17.18,16.84,4503,7655808.0,2.0,-0.41,-0.07,1.47
535,2012-01-31,17.0,16.73,17.0,16.54,3210,5349339.0,2.72,-1.01,-0.17,1.04
536,2012-02-01,16.72,16.72,17.08,16.7,3749,6346245.0,2.27,-0.06,-0.01,1.22
537,2012-02-02,16.82,17.11,17.13,16.7,3876,6577254.0,2.57,2.33,0.39,1.26
538,2012-02-03,17.14,17.7,17.75,17.14,7687,13482811.0,3.57,3.45,0.59,2.5
539,2012-02-06,17.7,17.75,17.8,17.56,4630,8191766.0,1.36,0.28,0.05,1.51
540,2012-02-07,17.73,17.5,17.73,17.21,4695,8189475.0,2.93,-1.41,-0.25,1.53
541,2012-02-08,17.51,17.91,17.98,17.43,4595,8147212.0,3.14,2.34,0.41,1.5
542,2012-02-09,17.91,17.97,18.26,17.86,5276,9537972.0,2.23,0.34,0.06,1.72
543,2012-02-10,17.91,18.14,18.21,17.83,6563,11849708.0,2.11,0.95,0.17,2.14
544,2012-02-13,18.8,19.95,19.95,18.69,22831,44371315.0,6.95,9.98,1.81,7.43
545,2012-02-14,20.6,19.89,20.65,19.68,26032,52384298.0,4.86,-0.3,-0.06,8.47
546,2012-02-15,19.97,19.9,19.98,19.41,15375,30345443.0,2.87,0.05,0.01,5.0
547,2012-02-16,19.88,19.53,19.97,19.46,13595,26717201.0,2.56,-1.86,-0.37,4.42
548,2012-02-17,19.49,19.4,19.75,19.28,8612,16789105.0,2.41,-0.67,-0.13,2.8
549,2012-02-20,19.6,19.44,19.7,19.4,7906,15457808.0,1.55,0.21,0.04,2.57
550,2012-02-21,19.4,19.81,19.83,19.24,9735,19046434.0,3.03,1.9,0.37,3.17
551,2012-02-22,19.81,20.2,20.2,19.7,17099,34201668.0,2.52,1.97,0.39,5.57
552,2012-02-23,19.71,19.78,19.96,19.5,26465,52248865.0,2.28,-2.08,-0.42,8.61
553,2012-02-24,19.6,19.73,19.75,19.5,18455,36145108.0,1.26,-0.25,-0.05,6.01
554,2012-02-27,19.67,19.71,20.09,19.58,22264,44150995.0,2.58,-0.1,-0.02,7.25
555,2012-02-28,19.53,19.05,19.66,19.01,18427,35492062.0,3.3,-3.35,-0.66,6.0
556,2012-02-29,18.89,18.67,19.1,18.67,9806,18545683.0,2.26,-1.99,-0.38,3.19
557,2012-03-01,18.61,18.82,18.94,18.6,6195,11639558.0,1.82,0.8,0.15,2.02
558,2012-03-02,18.72,19.08,19.19,18.72,8912,16969020.0,2.5,1.38,0.26,2.9
559,2012-03-05,19.01,18.95,19.22,18.88,8968,17075629.0,1.78,-0.68,-0.13,2.92
560,2012-03-06,18.85,18.89,19.04,18.6,5906,11084993.0,2.32,-0.32,-0.06,1.92
561,2012-03-07,18.68,19.19,19.2,18.68,10229,19514102.0,2.75,1.59,0.3,3.33
562,2012-03-08,19.19,19.25,19.47,19.12,8532,16421675.0,1.82,0.31,0.06,2.78
563,2012-03-09,19.25,19.39,19.44,19.15,10561,20411669.0,1.51,0.73,0.14,3.44
564,2012-03-12,19.49,19.29,19.58,19.12,8299,16034805.0,2.37,-0.52,-0.1,2.7
565,2012-03-13,19.29,19.5,19.51,19.1,10414,20128109.0,2.13,1.09,0.21,3.39
566,2012-03-14,19.5,18.11,19.66,18.0,20154,38466760.0,8.51,-7.13,-1.39,6.56
567,2012-03-15,18.08,17.67,18.29,17.61,10949,19583248.0,3.75,-2.43,-0.44,3.56
568,2012-03-16,17.67,18.13,18.24,17.67,6498,11683352.0,3.23,2.6,0.46,2.12
569,2012-03-19,18.2,18.18,18.2,17.95,5230,9468844.0,1.38,0.28,0.05,1.7
570,2012-03-20,18.26,17.76,18.27,17.76,5683,10203825.0,2.81,-2.31,-0.42,1.85
571,2012-03-21,17.65,18.0,18.1,17.65,4584,8194568.0,2.53,1.35,0.24,1.49
572,2012-03-22,18.22,19.06,19.8,18.22,30315,58265473.0,8.78,5.89,1.06,9.87
573,2012-03-23,19.01,18.55,19.01,18.33,10127,18844825.0,3.57,-2.68,-0.51,3.29
574,2012-03-26,18.55,18.4,18.7,18.18,5444,10068136.0,2.8,-0.81,-0.15,1.77
575,2012-03-27,18.66,18.12,18.66,18.1,6073,11128377.0,3.04,-1.52,-0.28,1.97
576,2012-03-29,16.35,16.73,17.2,16.31,9388,15784360.0,4.91,-7.67,-1.39,3.05
577,2012-03-30,17.0,16.5,17.04,16.35,4670,7733451.0,4.12,-1.37,-0.23,1.52
578,2012-04-05,16.84,16.95,17.06,16.53,4104,6901494.0,3.21,2.73,0.45,1.33
579,2012-04-06,16.96,17.07,17.28,16.89,3379,5781591.0,2.3,0.71,0.12,1.1
580,2012-04-09,17.1,16.85,17.24,16.8,3299,5624333.0,2.58,-1.29,-0.22,1.07
581,2012-04-10,16.93,17.29,17.29,16.58,3935,6608590.0,4.21,2.61,0.44,1.28
582,2012-04-11,17.16,17.38,17.4,16.95,4085,7037768.0,2.6,0.52,0.09,1.33
583,2012-04-12,11.37,11.67,11.75,11.32,7701,8866964.0,2.47,-32.85,-5.71,1.67
584,2012-04-13,11.67,11.58,11.78,11.48,7584,8820912.0,2.57,-0.77,-0.09,1.64
585,2012-04-16,11.52,11.7,11.75,11.42,5121,5949986.0,2.85,1.04,0.12,1.11
586,2012-04-17,11.58,11.42,11.79,11.4,4651,5391218.0,3.33,-2.39,-0.28,1.01
587,2012-04-18,11.55,12.56,12.56,11.45,26359,32421817.0,9.72,9.98,1.14,5.71
588,2012-04-19,13.01,13.11,13.67,13.01,83117,110375026.0,5.25,4.38,0.55,18.02
589,2012-04-20,13.0,14.42,14.42,12.8,94849,131981901.0,12.36,9.99,1.31,20.56
590,2012-04-23,14.05,14.5,15.2,14.05,101008,148498580.0,7.98,0.55,0.08,21.9
591,2012-04-24,14.11,14.01,14.15,13.05,71473,97065192.0,7.59,-3.38,-0.49,15.49
592,2012-04-25,13.42,14.34,14.81,13.11,75026,104005650.0,12.13,2.36,0.33,16.26
593,2012-04-26,14.07,13.3,14.1,13.18,45511,61956285.0,6.42,-7.25,-1.04,9.87
594,2012-04-27,13.2,13.2,13.59,12.96,20450,27109539.0,4.74,-0.75,-0.1,4.43
595,2012-05-02,13.39,12.49,13.49,12.37,44128,56234336.0,8.48,-5.38,-0.71,9.57
596,2012-05-03,12.43,12.53,12.68,12.31,24665,30799293.0,2.96,0.32,0.04,5.35
597,2012-05-04,12.54,12.59,12.66,12.39,19976,25071621.0,2.15,0.48,0.06,4.33
598,2012-05-07,12.5,12.39,12.63,12.19,26828,33130531.0,3.49,-1.59,-0.2,5.82
599,2012-05-08,12.45,12.92,13.3,12.45,40782,52242176.0,6.86,4.28,0.53,8.84
600,2012-05-09,12.8,12.45,12.8,12.37,18330,23008831.0,3.33,-3.64,-0.47,3.97
601,2012-05-10,12.26,12.5,12.53,12.26,10248,12756776.0,2.17,0.4,0.05,2.22
602,2012-05-11,12.44,12.28,12.6,12.27,11086,13724752.0,2.64,-1.76,-0.22,2.4
603,2012-05-14,12.32,12.28,12.64,12.2,11964,14847770.0,3.58,0.0,0.0,2.59
604,2012-05-15,12.2,11.89,12.2,11.78,13895,16526527.0,3.42,-3.18,-0.39,3.01
605,2012-05-16,11.9,11.66,11.95,11.62,11404,13420610.0,2.78,-1.93,-0.23,2.47
606,2012-05-17,11.55,11.83,11.9,11.55,9219,10890571.0,3.0,1.46,0.17,2.0
607,2012-05-18,11.7,11.6,11.78,11.57,10760,12531282.0,1.78,-1.94,-0.23,2.33
608,2012-05-21,12.15,12.76,12.76,12.1,50567,64372440.0,5.69,10.0,1.16,10.96
609,2012-05-22,12.86,12.54,12.86,12.25,36304,45595271.0,4.78,-1.72,-0.22,7.87
610,2012-05-23,12.36,12.61,12.95,12.36,27526,34973279.0,4.7,0.56,0.07,5.97
611,2012-05-24,12.85,12.68,13.49,12.56,32661,42226954.0,7.38,0.56,0.07,7.08
612,2012-05-25,12.39,13.44,13.86,12.38,61785,81938373.0,11.67,5.99,0.76,13.39
613,2012-05-28,13.28,13.61,14.1,13.02,55425,75624491.0,8.04,1.26,0.17,12.02
614,2012-05-29,13.3,13.56,14.03,13.11,52793,71555982.0,6.76,-0.37,-0.05,11.44
615,2012-05-30,13.37,13.19,13.65,13.14,27277,36298949.0,3.76,-2.73,-0.37,5.91
616,2012-05-31,13.2,13.19,13.45,13.06,18771,24881676.0,2.96,0.0,0.0,4.07
617,2012-06-01,13.18,12.85,13.25,12.72,17141,22186724.0,4.02,-2.58,-0.34,3.72
618,2012-06-04,12.59,12.01,12.76,12.0,21289,26365243.0,5.91,-6.54,-0.84,4.62
619,2012-06-05,11.99,12.02,12.25,11.95,11789,14201262.0,2.5,0.08,0.01,2.56
620,2012-06-06,12.02,11.86,12.17,11.8,11117,13318480.0,3.08,-1.33,-0.16,2.41
621,2012-06-07,11.99,11.68,12.12,11.62,12357,14567125.0,4.22,-1.52,-0.18,2.68
622,2012-06-08,11.89,11.61,11.89,11.55,9555,11153242.0,2.91,-0.6,-0.07,2.07
623,2012-06-11,11.65,11.81,11.82,11.59,12006,14075691.0,1.98,1.72,0.2,2.6
624,2012-06-12,11.77,11.84,12.08,11.68,12536,14861356.0,3.39,0.25,0.03,2.72
625,2012-06-13,11.93,12.06,12.1,11.8,11579,13883115.0,2.53,1.86,0.22,2.51
626,2012-06-14,12.03,11.87,12.09,11.82,9805,11714792.0,2.24,-1.58,-0.19,2.13
627,2012-06-15,11.88,11.93,12.02,11.72,9222,10956817.0,2.53,0.51,0.06,2.0
628,2012-06-18,12.05,11.98,12.12,11.88,10194,12215932.0,2.01,0.42,0.05,2.21
629,2012-06-19,11.88,12.11,12.35,11.8,13815,16726517.0,4.59,1.09,0.13,2.99
630,2012-06-20,12.01,12.09,12.29,11.96,10470,12681579.0,2.73,-0.17,-0.02,2.27
631,2012-06-21,12.06,11.66,12.06,11.61,9468,11144798.0,3.72,-3.56,-0.43,2.05
632,2012-06-25,11.66,11.1,11.66,11.08,9875,11201489.0,4.97,-4.8,-0.56,2.14
633,2012-06-26,11.08,11.16,11.22,10.98,6580,7302515.0,2.16,0.54,0.06,1.43
634,2012-06-27,11.12,11.18,11.4,11.12,7305,8235864.0,2.51,0.18,0.02,1.58
635,2012-06-28,11.05,11.21,11.47,11.03,8628,9709723.0,3.94,0.27,0.03,1.87
636,2012-06-29,11.02,11.22,11.26,10.9,5842,6472713.0,3.21,0.09,0.01,1.27
637,2012-07-02,11.29,11.3,11.38,11.17,4687,5297901.0,1.87,0.71,0.08,1.02
638,2012-07-03,11.3,11.23,11.44,11.15,5578,6312025.0,2.57,-0.62,-0.07,1.21
639,2012-07-04,11.2,11.01,11.35,10.99,5656,6281083.0,3.21,-1.96,-0.22,1.23
640,2012-07-05,11.15,10.41,11.15,10.33,11489,12164334.0,7.45,-5.45,-0.6,2.49
641,2012-07-06,10.45,10.55,10.65,10.2,6133,6397922.0,4.32,1.34,0.14,1.33
642,2012-07-09,10.4,10.13,10.51,10.09,3811,3945487.0,3.98,-3.98,-0.42,0.83
643,2012-07-10,10.13,9.77,10.19,9.77,10054,9959886.0,4.15,-3.55,-0.36,2.18
644,2012-07-11,9.93,10.75,10.75,9.93,33580,35670465.0,8.39,10.03,0.98,7.28
645,2012-07-12,10.6,10.75,10.91,10.51,25348,27116740.0,3.72,0.0,0.0,5.5
646,2012-07-13,10.62,10.87,11.26,10.55,24326,26602978.0,6.6,1.12,0.12,5.27
647,2012-07-16,10.66,10.45,10.75,10.06,18472,19171372.0,6.35,-3.86,-0.42,4.0
648,2012-07-17,10.35,10.7,10.7,10.1,13633,14253628.0,5.74,2.39,0.25,2.96
649,2012-07-18,10.88,10.7,10.88,10.33,12237,12938386.0,5.14,0.0,0.0,2.65
650,2012-07-19,10.98,10.54,10.98,10.51,15789,16932230.0,4.39,-1.5,-0.16,3.42
651,2012-07-20,10.29,10.23,10.42,10.2,10990,11317434.0,2.09,-2.94,-0.31,2.38
652,2012-07-23,10.16,9.84,10.16,9.8,7802,7768511.0,3.52,-3.81,-0.39,1.69
653,2012-07-24,9.77,9.92,10.05,9.76,5606,5561636.0,2.95,0.81,0.08,1.22
654,2012-07-25,10.08,9.95,10.09,9.91,4723,4717940.0,1.81,0.3,0.03,1.02
655,2012-07-26,9.82,9.82,10.12,9.8,4940,4895703.0,3.22,-1.31,-0.13,1.07
656,2012-07-27,9.84,9.97,9.97,9.78,4378,4316021.0,1.93,1.53,0.15,0.95
657,2012-07-30,10.15,9.79,10.25,9.68,5499,5507422.0,5.72,-1.81,-0.18,1.19
658,2012-07-31,9.99,10.08,10.5,9.84,13003,13342435.0,6.74,2.96,0.29,2.82
659,2012-08-01,10.08,10.54,10.75,10.0,16428,17193563.0,7.44,4.56,0.46,3.56
660,2012-08-02,10.32,10.24,10.51,10.0,10744,11050698.0,4.84,-2.85,-0.3,2.33
661,2012-08-03,10.3,10.44,10.44,10.11,9784,10087539.0,3.22,1.95,0.2,2.12
662,2012-08-06,10.33,10.58,10.7,10.27,10732,11213200.0,4.12,1.34,0.14,2.33
663,2012-08-07,10.6,10.57,10.62,10.35,7918,8320941.0,2.55,-0.09,-0.01,1.72
664,2012-08-08,10.57,10.7,10.8,10.4,12336,13122317.0,3.78,1.23,0.13,2.67
665,2012-08-09,10.7,10.62,10.7,10.46,8616,9115634.0,2.24,-0.75,-0.08,1.87
666,2012-08-10,10.62,10.5,10.62,10.36,8644,9025859.0,2.45,-1.13,-0.12,1.87
667,2012-08-13,10.48,10.05,10.48,10.02,6005,6153460.0,4.38,-4.29,-0.45,1.3
668,2012-08-14,10.05,10.16,10.23,9.85,6905,6939105.0,3.78,1.09,0.11,1.5
669,2012-08-15,10.1,9.95,10.15,9.92,3454,3469501.0,2.26,-2.07,-0.21,0.75
670,2012-08-16,9.93,9.94,10.0,9.83,3135,3113597.0,1.71,-0.1,-0.01,0.68
671,2012-08-17,10.13,10.07,10.13,9.86,3261,3268541.0,2.72,1.31,0.13,0.71
672,2012-08-20,10.07,10.08,10.1,9.91,3577,3579160.0,1.89,0.1,0.01,0.78
673,2012-08-21,10.08,10.26,10.27,10.03,7512,7646297.0,2.38,1.79,0.18,1.63
674,2012-08-22,10.16,10.09,10.28,10.06,4898,4977369.0,2.14,-1.66,-0.17,1.06
675,2012-08-23,10.09,10.21,10.38,10.06,8103,8277398.0,3.17,1.19,0.12,1.76
676,2012-08-24,10.21,9.91,10.27,9.91,6988,7086416.0,3.53,-2.94,-0.3,1.51
677,2012-08-27,9.86,9.43,9.98,9.43,7476,7201680.0,5.55,-4.84,-0.48,1.62
678,2012-08-28,9.43,9.52,9.57,9.4,3881,3676759.0,1.8,0.95,0.09,0.84
679,2012-08-29,9.55,9.26,9.55,9.2,5016,4702532.0,3.68,-2.73,-0.26,1.09
680,2012-08-30,9.27,8.74,9.37,8.43,10116,8951931.0,10.15,-5.62,-0.52,2.19
681,2012-08-31,8.74,8.78,8.9,8.68,3984,3504408.0,2.52,0.46,0.04,0.86
682,2012-09-03,8.49,8.83,8.94,8.45,3377,2962590.0,5.58,0.57,0.05,0.73
683,2012-09-04,8.77,8.73,8.88,8.68,3427,3009311.0,2.27,-1.13,-0.1,0.74
684,2012-09-05,8.78,9.6,9.6,8.53,18606,17121804.0,12.26,9.97,0.87,4.03
685,2012-09-06,10.56,10.56,10.56,10.56,7497,7917074.0,0.0,10.0,0.96,1.63
686,2012-09-07,11.62,11.62,11.62,11.62,11714,13611888.0,0.0,10.04,1.06,2.54
687,2012-09-10,12.78,12.78,12.78,12.78,18511,23657684.0,0.0,9.98,1.16,4.01
688,2012-09-11,14.06,14.06,14.06,14.01,123078,173043008.0,0.39,10.02,1.28,26.68
689,2012-09-12,14.0,14.55,15.15,13.77,168996,241462463.0,9.82,3.49,0.49,36.64
690,2012-09-13,14.21,14.01,14.53,13.92,95382,135208738.0,4.19,-3.71,-0.54,20.68
691,2012-09-14,13.87,14.1,14.77,13.32,117441,164073077.0,10.35,0.64,0.09,25.46
692,2012-09-17,13.68,13.0,13.78,12.85,72259,95412491.0,6.6,-7.8,-1.1,15.66
693,2012-09-18,12.98,13.14,13.38,12.8,62885,82265138.0,4.46,1.08,0.14,13.63
694,2012-09-19,13.06,12.68,13.3,12.52,75495,97472857.0,5.94,-3.5,-0.46,16.37
695,2012-09-20,12.5,12.4,12.61,12.2,60655,75413748.0,3.23,-2.21,-0.28,13.15
696,2012-09-21,12.48,11.72,12.5,11.58,60289,72651045.0,7.42,-5.48,-0.68,13.07
697,2012-09-24,11.55,12.89,12.89,11.55,71536,88117544.0,11.43,9.98,1.17,15.51
698,2012-09-25,12.89,12.22,12.89,12.0,67346,83363749.0,6.9,-5.2,-0.67,14.6
699,2012-09-26,12.0,11.49,12.15,11.49,46221,54323059.0,5.4,-5.97,-0.73,10.02
700,2012-09-27,11.29,11.55,11.9,11.28,39002,45271544.0,5.4,0.52,0.06,8.46
701,2012-09-28,11.45,11.73,11.87,11.38,35945,41859531.0,4.24,1.56,0.18,7.79
702,2012-10-08,11.7,11.87,11.87,11.57,29724,34853705.0,2.56,1.19,0.14,6.44
703,2012-10-09,11.96,13.06,13.06,11.9,67123,85740379.0,9.77,10.03,1.19,14.55
704,2012-10-10,13.38,13.99,14.3,13.12,123098,168321454.0,9.04,7.12,0.93,26.69
705,2012-10-11,13.81,13.02,13.81,12.85,70846,94360523.0,6.86,-6.93,-0.97,15.36
706,2012-10-12,13.18,13.35,14.0,13.13,77468,104685164.0,6.68,2.53,0.33,16.79
707,2012-10-15,12.5,12.02,12.5,12.02,54954,66393954.0,3.6,-9.96,-1.33,11.91
708,2012-10-16,11.9,11.69,11.97,11.56,40824,48049717.0,3.41,-2.75,-0.33,8.85
709,2012-10-17,11.75,11.93,12.25,11.75,31518,37751033.0,4.28,2.05,0.24,6.83
710,2012-10-18,11.9,12.18,12.37,11.72,35937,43651479.0,5.45,2.1,0.25,7.79
711,2012-10-19,12.16,12.27,12.65,12.02,29508,36410834.0,5.17,0.74,0.09,6.4
712,2012-10-22,12.14,12.22,12.27,11.78,21809,26230850.0,3.99,-0.41,-0.05,4.73
713,2012-10-23,12.48,12.4,13.38,12.32,45688,58114011.0,8.67,1.47,0.18,9.9
714,2012-10-24,11.99,12.5,12.57,11.8,29924,36404358.0,6.21,0.81,0.1,6.49
715,2012-10-25,12.3,11.78,12.35,11.78,23326,28104828.0,4.56,-5.76,-0.72,5.06
716,2012-10-26,11.58,11.01,11.77,11.01,25971,29423968.0,6.45,-6.54,-0.77,5.63
717,2012-10-29,11.0,10.49,11.0,10.31,26401,27938289.0,6.27,-4.72,-0.52,5.72
718,2012-10-30,10.53,10.68,10.74,10.43,15191,16117552.0,2.96,1.81,0.19,2.31
719,2012-10-31,10.63,11.15,11.45,10.57,31293,34685317.0,8.24,4.4,0.47,4.77
720,2012-11-01,10.93,11.14,11.25,10.88,26919,29819462.0,3.32,-0.09,-0.01,4.1
721,2012-11-02,11.12,11.03,11.25,10.98,13639,15115661.0,2.42,-0.99,-0.11,2.08
722,2012-11-05,11.03,11.08,11.34,10.95,13983,15567957.0,3.54,0.45,0.05,2.13
723,2012-11-06,11.03,10.75,11.15,10.41,18750,20018813.0,6.68,-2.98,-0.33,2.86
724,2012-11-07,10.69,10.87,10.93,10.5,15147,16239811.0,4.0,1.12,0.12,2.31
725,2012-11-08,10.69,10.88,11.45,10.6,34460,38510086.0,7.82,0.09,0.01,5.25
726,2012-11-09,10.51,11.14,11.58,10.51,43327,48303281.0,9.83,2.39,0.26,6.6
727,2012-11-12,11.0,11.27,11.48,10.95,26699,29985040.0,4.76,1.17,0.13,4.07
728,2012-11-13,11.18,10.63,11.21,10.6,23112,25120808.0,5.41,-5.68,-0.64,3.52
729,2012-11-14,10.56,10.51,10.82,10.38,14514,15288023.0,4.14,-1.13,-0.12,2.21
730,2012-11-15,10.4,10.32,10.63,10.32,9202,9634120.0,2.95,-1.81,-0.19,1.4
731,2012-11-16,10.2,10.32,10.52,10.18,13896,14356899.0,3.29,0.0,0.0,2.12
732,2012-11-19,10.33,10.41,10.44,10.2,8851,9140871.0,2.33,0.87,0.09,1.35
733,2012-11-20,10.47,10.23,10.55,10.22,10316,10660072.0,3.17,-1.73,-0.18,1.57
734,2012-11-21,10.36,10.36,10.38,10.03,9911,10153525.0,3.42,1.27,0.13,1.51
735,2012-11-22,10.49,10.14,10.49,10.04,6890,7041335.0,4.34,-2.12,-0.22,1.05
736,2012-11-23,10.14,10.1,10.3,10.05,7233,7343194.0,2.47,-0.39,-0.04,1.1
737,2012-11-26,10.1,9.9,10.18,9.8,10556,10529638.0,3.76,-1.98,-0.2,1.61
738,2012-11-27,10.14,10.18,10.57,10.06,33065,34058702.0,5.15,2.83,0.28,5.04
739,2012-11-28,9.8,9.3,9.81,9.16,20795,19420115.0,6.39,-8.64,-0.88,3.17
740,2012-11-29,9.18,9.14,9.6,9.14,14351,13435387.0,4.95,-1.72,-0.16,2.19
741,2012-11-30,9.13,9.38,9.45,9.0,15119,14026808.0,4.92,2.63,0.24,2.3
742,2012-12-03,9.37,8.97,9.45,8.88,10530,9719234.0,6.08,-4.37,-0.41,1.6
743,2012-12-04,8.99,9.87,9.87,8.99,28774,27641728.0,9.81,10.03,0.9,4.38
744,2012-12-05,9.99,10.36,10.43,9.98,54667,56109540.0,4.56,4.96,0.49,8.33
745,2012-12-06,10.24,10.19,10.8,10.18,39238,40986104.0,5.98,-1.64,-0.17,5.98
746,2012-12-07,10.03,10.32,10.42,10.02,34081,34951214.0,3.93,1.28,0.13,5.19
747,2012-12-10,10.3,11.1,11.34,10.3,64462,70343409.0,10.08,7.56,0.78,9.82
748,2012-12-11,11.19,10.76,11.19,10.6,38528,41866095.0,5.32,-3.06,-0.34,5.87
749,2012-12-12,10.68,11.03,11.51,10.68,44552,49676374.0,7.71,2.51,0.27,6.79
750,2012-12-13,10.89,10.53,10.94,10.42,26742,28507735.0,4.71,-4.53,-0.5,4.08
751,2012-12-14,10.4,10.94,11.22,10.38,39621,43128970.0,7.98,3.89,0.41,6.04
752,2012-12-17,10.91,10.92,11.35,10.76,34087,37460831.0,5.39,-0.18,-0.02,5.19
753,2012-12-18,10.96,10.85,11.18,10.69,31968,35100961.0,4.49,-0.64,-0.07,4.87
754,2012-12-19,10.8,11.16,11.65,10.71,62360,69880828.0,8.66,2.86,0.31,9.5
755,2012-12-20,11.01,11.09,11.11,10.75,41928,45769388.0,3.23,-0.63,-0.07,6.39
756,2012-12-21,11.4,11.18,11.64,11.11,59274,67382645.0,4.78,0.81,0.09,9.03
757,2012-12-24,10.9,11.04,11.15,10.87,28965,31791630.0,2.5,-1.25,-0.14,4.41
758,2012-12-25,11.04,11.37,11.6,10.9,44564,50327106.0,6.34,2.99,0.33,6.79
759,2012-12-26,11.41,11.64,11.79,11.26,48527,55768422.0,4.66,2.37,0.27,7.39
760,2012-12-27,11.61,11.21,12.21,11.19,66879,78815956.0,8.76,-3.69,-0.43,10.19
761,2012-12-28,11.04,11.28,11.29,10.8,49010,53882494.0,4.37,0.62,0.07,7.47
762,2012-12-31,11.27,11.11,11.27,11.02,26905,29895206.0,2.22,-1.51,-0.17,4.1
763,2013-01-04,11.11,11.73,11.9,11.03,55889,64330295.0,7.83,5.58,0.62,4.72
764,2013-01-07,11.6,11.98,12.06,11.35,46782,55300907.0,6.05,2.13,0.25,3.95
765,2013-01-08,11.75,11.79,11.85,11.5,42751,49911437.0,2.92,-1.59,-0.19,3.61
766,2013-01-09,11.62,11.59,11.99,11.51,31599,37161140.0,4.07,-1.7,-0.2,2.67
767,2013-01-10,11.61,11.76,11.86,11.49,27408,32019173.0,3.19,1.47,0.17,2.32
768,2013-01-11,11.8,12.15,12.19,11.64,57317,68501839.0,4.68,3.32,0.39,4.84
769,2013-01-14,12.06,12.7,12.71,11.76,63423,77902506.0,7.82,4.53,0.55,5.36
770,2013-01-15,12.6,13.01,13.8,12.52,68080,88421732.0,10.08,2.44,0.31,5.75
771,2013-01-16,13.0,12.58,13.0,12.42,40828,51671481.0,4.46,-3.31,-0.43,3.45
772,2013-01-17,12.6,12.67,12.9,12.4,33214,41922921.0,3.97,0.72,0.09,2.81
773,2013-01-18,12.81,12.57,12.9,12.35,27782,34957761.0,4.34,-0.79,-0.1,2.35
774,2013-01-21,12.59,12.33,12.66,12.26,26872,33382849.0,3.18,-1.91,-0.24,2.27
775,2013-01-22,12.38,12.06,12.4,11.9,22771,27645153.0,4.06,-2.19,-0.27,1.92
776,2013-01-23,12.04,12.2,12.29,11.95,17578,21373820.0,2.82,1.16,0.14,1.49
777,2013-01-24,12.23,11.6,12.37,11.3,25813,30802280.0,8.77,-4.92,-0.6,2.18
778,2013-01-25,11.55,11.31,11.62,11.24,21745,24753088.0,3.28,-2.5,-0.29,1.84
779,2013-01-28,11.42,11.64,11.65,11.31,18148,20900471.0,3.01,2.92,0.33,1.53
780,2013-01-29,11.76,11.7,11.95,11.63,17333,20461747.0,2.75,0.52,0.06,1.46
781,2013-01-30,11.77,11.76,11.85,11.38,19296,22310946.0,4.02,0.51,0.06,1.63
782,2013-01-31,11.72,11.58,11.76,11.53,10648,12389559.0,1.96,-1.53,-0.18,0.9
783,2013-02-01,11.58,11.8,11.85,11.54,15155,17804773.0,2.68,1.9,0.22,1.28
784,2013-02-04,11.81,11.75,11.95,11.63,11918,14046248.0,2.71,-0.42,-0.05,1.01
785,2013-02-05,11.7,12.3,12.6,11.65,38681,47374690.0,8.09,4.68,0.55,3.27
786,2013-02-06,12.37,12.19,12.68,12.15,30599,37894366.0,4.31,-0.89,-0.11,2.59
787,2013-02-07,12.15,12.44,12.65,12.08,38881,48443221.0,4.68,2.05,0.25,3.29
788,2013-02-08,12.36,12.39,12.71,12.34,24649,30875155.0,2.97,-0.4,-0.05,2.08
789,2013-02-18,12.5,12.46,12.6,12.31,18370,22861010.0,2.34,0.56,0.07,1.55
790,2013-02-19,12.4,12.46,12.82,12.4,30963,39016124.0,3.37,0.0,0.0,2.62
791,2013-02-20,12.5,12.58,12.61,12.22,23510,29282637.0,3.13,0.96,0.12,1.99
792,2013-02-21,12.55,12.9,13.19,12.4,52544,67812053.0,6.28,2.54,0.32,4.44
793,2013-02-22,12.83,12.67,12.97,12.45,28004,35297868.0,4.03,-1.78,-0.23,2.37
794,2013-02-25,12.54,13.05,13.23,12.54,49792,64888163.0,5.45,3.0,0.38,4.21
795,2013-02-26,13.06,12.52,13.06,12.51,37527,48201666.0,4.21,-4.06,-0.53,3.17
796,2013-02-27,12.48,12.44,12.58,12.23,27382,34018118.0,2.8,-0.64,-0.08,2.31
797,2013-02-28,12.42,12.6,12.63,12.31,21448,26726003.0,2.57,1.29,0.16,1.81
798,2013-03-01,12.59,12.95,12.97,12.5,33907,43477127.0,3.73,2.78,0.35,2.87
799,2013-03-04,12.9,12.57,12.93,12.51,20546,26133449.0,3.24,-2.93,-0.38,1.72
800,2013-03-05,12.6,13.35,13.58,12.57,54568,71834568.0,8.04,6.21,0.78,4.56
801,2013-03-06,13.25,13.75,13.79,13.16,50548,68288704.0,4.72,3.0,0.4,4.23
802,2013-03-07,13.7,13.8,14.1,13.59,45943,63659912.0,3.71,0.36,0.05,3.84
803,2013-03-08,14.13,13.55,14.31,13.51,40930,57182681.0,5.8,-1.81,-0.25,3.42
804,2013-03-11,13.43,13.26,13.68,13.2,24679,32996554.0,3.54,-2.14,-0.29,2.06
805,2013-03-12,8.8,8.78,9.35,8.57,54877,49145795.0,5.88,-33.79,-4.48,3.06
806,2013-03-13,8.78,8.45,8.88,8.39,31880,27356228.0,5.58,-3.76,-0.33,1.78
807,2013-03-14,8.48,8.56,8.69,8.41,20362,17485115.0,3.31,1.3,0.11,1.13
808,2013-03-15,8.64,8.68,8.9,8.45,28117,24621868.0,5.26,1.4,0.12,1.57
809,2013-03-18,8.58,8.82,8.91,8.5,25722,22661491.0,4.72,1.61,0.14,1.43
810,2013-03-19,8.86,8.41,8.86,8.3,32477,27679950.0,6.35,-4.65,-0.41,1.81
811,2013-03-20,8.4,8.66,8.67,8.33,47281,39936005.0,4.04,2.97,0.25,2.64
812,2013-03-21,8.6,9.19,9.48,8.46,84149,75998688.0,11.78,6.12,0.53,4.69
813,2013-03-22,9.09,9.02,9.15,8.95,46276,41875963.0,2.18,-1.85,-0.17,2.58
814,2013-03-25,9.03,9.04,9.23,8.93,33722,30658242.0,3.33,0.22,0.02,1.88
815,2013-03-26,9.0,9.17,9.28,8.98,48069,44112844.0,3.32,1.44,0.13,2.68
816,2013-03-27,9.17,9.27,9.45,9.11,40479,37720649.0,3.71,1.09,0.1,2.26
817,2013-03-28,9.28,8.95,9.28,8.93,33041,29950036.0,3.78,-3.45,-0.32,1.84
818,2013-03-29,8.89,8.67,9.07,8.61,27210,23940842.0,5.14,-3.13,-0.28,1.52
819,2013-04-01,8.67,8.94,9.14,8.62,22624,20270194.0,6.0,3.11,0.27,1.26
820,2013-04-02,8.92,8.8,9.22,8.66,25000,22207118.0,6.26,-1.57,-0.14,1.39
821,2013-04-03,8.7,8.58,8.78,8.3,29894,25331520.0,5.45,-2.5,-0.22,1.67
822,2013-04-08,8.36,8.7,8.74,8.3,15925,13581968.0,5.13,1.4,0.12,0.89
823,2013-04-09,8.65,8.8,8.88,8.65,16999,14929661.0,2.64,1.15,0.1,0.95
824,2013-04-10,8.8,8.9,8.92,8.71,16556,14628421.0,2.39,1.14,0.1,0.92
825,2013-04-11,9.12,8.94,9.4,8.9,24318,22161005.0,5.62,0.45,0.04,1.36
826,2013-04-12,9.0,9.19,9.28,8.85,35994,32957161.0,4.81,2.8,0.25,2.01
827,2013-04-15,9.27,9.05,9.27,8.91,22333,20193895.0,3.92,-1.52,-0.14,1.24
828,2013-04-16,8.95,9.35,9.35,8.7,26118,23806287.0,7.18,3.31,0.3,1.46
829,2013-04-17,9.3,9.38,9.44,9.23,22554,21055708.0,2.25,0.32,0.03,1.26
830,2013-04-18,9.33,9.31,9.39,9.16,25033,23205073.0,2.45,-0.75,-0.07,1.4
831,2013-04-19,9.3,9.65,9.71,9.22,49420,47140517.0,5.26,3.65,0.34,2.75
832,2013-04-22,9.62,9.68,9.78,9.4,33578,32247128.0,3.94,0.31,0.03,1.87
833,2013-04-23,9.72,9.52,9.78,9.34,30197,28792520.0,4.55,-1.65,-0.16,1.68
834,2013-04-24,9.48,9.68,9.74,9.23,51952,49258799.0,5.36,1.68,0.16,2.9
835,2013-04-25,9.68,9.72,10.06,9.53,51345,50528030.0,5.48,0.41,0.04,2.86
836,2013-04-26,9.72,9.31,9.79,9.26,34016,32164845.0,5.45,-4.22,-0.41,1.9
837,2013-05-02,9.32,9.33,9.39,9.17,19099,17734558.0,2.36,0.21,0.02,1.06
838,2013-05-03,9.44,9.78,9.85,9.43,48680,47222047.0,4.5,4.82,0.45,2.71
839,2013-05-06,9.73,10.15,10.23,9.73,59639,59728039.0,5.11,3.78,0.37,3.32
840,2013-05-07,10.2,10.04,10.21,9.9,38167,38172836.0,3.05,-1.08,-0.11,2.13
841,2013-05-08,10.06,10.3,10.48,9.98,61323,62844486.0,4.98,2.59,0.26,3.42
842,2013-05-09,10.32,10.3,10.32,9.98,41905,42533833.0,3.3,0.0,0.0,2.34
843,2013-05-10,10.23,10.03,10.27,9.88,37801,37922219.0,3.79,-2.62,-0.27,2.11
844,2013-06-05,9.8,9.34,9.8,9.11,52819,49633289.0,6.88,-6.88,-0.69,2.94
845,2013-06-06,9.3,9.44,9.62,9.21,35896,33909501.0,4.39,1.07,0.1,2.0
846,2013-06-07,9.3,8.95,9.44,8.8,37666,34244659.0,6.78,-5.19,-0.49,2.1
847,2013-06-13,8.95,8.66,8.95,8.22,26070,22111980.0,8.16,-3.24,-0.29,1.45
848,2013-06-14,8.57,8.86,8.95,8.57,19988,17492835.0,4.39,2.31,0.2,1.11
849,2013-06-17,8.8,9.22,9.54,8.76,38299,35388562.0,8.8,4.06,0.36,2.13
850,2013-06-18,9.14,8.98,9.21,8.81,30623,27529273.0,4.34,-2.6,-0.24,1.71
851,2013-06-19,9.09,9.23,9.31,8.76,25961,23331489.0,6.12,2.78,0.25,1.45
852,2013-06-20,9.24,9.4,9.85,9.12,56021,53409564.0,7.91,1.84,0.17,3.12
853,2013-06-21,9.21,9.29,9.57,8.8,36541,34029756.0,8.19,-1.17,-0.11,2.04
854,2013-06-24,9.17,9.27,9.69,8.88,47054,44070773.0,8.72,-0.22,-0.02,2.62
855,2013-06-25,9.27,9.21,9.36,8.34,41926,37266234.0,11.0,-0.65,-0.06,2.34
856,2013-06-26,9.1,9.78,9.79,8.93,56264,52987225.0,9.34,6.19,0.57,3.14
857,2013-06-27,9.78,9.88,9.94,9.43,64996,63010916.0,5.21,1.02,0.1,3.62
858,2013-06-28,9.63,10.02,10.4,9.62,73730,74179810.0,7.89,1.42,0.14,4.11
859,2013-07-01,10.12,11.02,11.02,10.03,107282,114354003.0,9.88,9.98,1.0,5.98
860,2013-07-02,11.24,11.1,11.67,11.01,132118,148743056.0,5.99,0.73,0.08,7.37
861,2013-07-03,10.93,11.39,11.59,10.82,96582,108834713.0,6.94,2.61,0.29,5.39
862,2013-07-04,11.28,10.8,11.36,10.71,83400,92258453.0,5.71,-5.18,-0.59,4.65
863,2013-07-05,10.79,10.49,10.96,10.34,66538,70879870.0,5.74,-2.87,-0.31,3.71
864,2013-07-08,10.13,9.87,10.35,9.81,43473,43724780.0,5.15,-5.91,-0.62,2.42
865,2013-07-09,9.99,9.9,10.13,9.85,39662,39643261.0,2.84,0.3,0.03,2.21
866,2013-07-10,9.95,10.27,10.32,9.92,51867,52597394.0,4.04,3.74,0.37,2.89
867,2013-07-11,10.27,10.54,10.68,10.23,56971,59707964.0,4.38,2.63,0.27,3.18
868,2013-07-12,10.75,10.43,11.06,10.41,55150,59464153.0,6.17,-1.04,-0.11,3.08
869,2013-07-15,10.36,10.9,10.96,10.31,52639,56258245.0,6.23,4.51,0.47,2.94
870,2013-07-16,10.93,11.35,11.58,10.75,86237,96626436.0,7.61,4.13,0.45,4.81
871,2013-07-17,11.34,11.46,11.94,11.08,86109,99462023.0,7.58,0.97,0.11,4.8
872,2013-07-18,11.4,11.2,11.43,11.06,65459,73365882.0,3.23,-2.27,-0.26,3.65
873,2013-07-19,11.19,10.58,11.4,10.58,66339,72988118.0,7.32,-5.54,-0.62,3.7
874,2013-07-22,10.41,11.36,11.39,10.3,55281,60482608.0,10.3,7.37,0.78,3.08
875,2013-07-23,11.24,12.02,12.15,11.2,99280,117499039.0,8.36,5.81,0.66,5.54
876,2013-07-24,12.0,12.03,12.38,11.7,100534,120881465.0,5.66,0.08,0.01,5.61
877,2013-07-25,12.58,12.52,13.23,12.41,151999,196271424.0,6.82,4.07,0.49,8.48
878,2013-07-26,12.55,12.07,12.85,11.84,95188,116033083.0,8.07,-3.59,-0.45,5.31
879,2013-07-29,11.84,11.39,11.84,11.29,53278,61538946.0,4.56,-5.63,-0.68,2.97
880,2013-07-30,11.45,12.35,12.35,11.11,83732,98917675.0,10.89,8.43,0.96,4.67
881,2013-07-31,12.4,12.16,12.66,12.03,58836,72658465.0,5.1,-1.54,-0.19,3.28
882,2013-08-01,12.38,12.52,12.66,12.03,80106,99059257.0,5.18,2.96,0.36,4.47
883,2013-08-02,12.58,12.28,12.79,12.26,70941,88922712.0,4.23,-1.92,-0.24,3.96
884,2013-08-05,12.35,12.48,12.63,12.16,40217,49734878.0,3.83,1.63,0.2,2.24
885,2013-08-06,12.75,12.16,12.75,12.06,57269,69946876.0,5.53,-2.56,-0.32,3.19
886,2013-08-07,12.1,11.77,12.13,11.72,41180,48902557.0,3.37,-3.21,-0.39,2.3
887,2013-08-08,11.88,11.82,12.0,11.71,33685,39906426.0,2.46,0.42,0.05,1.88
888,2013-08-09,11.86,11.41,11.95,11.28,46212,53230159.0,5.67,-3.47,-0.41,2.58
889,2013-08-12,11.4,11.74,11.77,11.17,45000,51384773.0,5.26,2.89,0.33,2.51
890,2013-08-13,12.02,12.08,12.22,11.8,66787,80143089.0,3.58,2.9,0.34,3.72
891,2013-08-14,12.23,11.87,12.24,11.85,46609,55930140.0,3.23,-1.74,-0.21,2.6
892,2013-08-15,11.9,11.81,12.14,11.68,44353,52749993.0,3.88,-0.51,-0.06,2.47
893,2013-08-16,11.87,11.3,11.91,11.22,41678,48204695.0,5.84,-4.32,-0.51,2.32
894,2013-08-19,11.27,11.57,11.61,11.06,27927,31943327.0,4.87,2.39,0.27,1.56
895,2013-08-20,11.95,11.77,12.29,11.69,67754,81294571.0,5.19,1.73,0.2,3.78
896,2013-08-21,11.63,11.73,11.8,11.46,37481,43444858.0,2.89,-0.34,-0.04,2.09
897,2013-08-22,11.88,11.78,11.92,11.64,31879,37668010.0,2.39,0.43,0.05,1.78
898,2013-08-23,11.97,12.0,12.35,11.73,71378,86348046.0,5.26,1.87,0.22,3.98
899,2013-08-26,12.05,12.47,12.49,12.0,66381,81313939.0,4.08,3.92,0.47,3.7
900,2013-08-27,12.47,12.48,12.56,12.07,57782,71381977.0,3.93,0.08,0.01,3.22
901,2013-08-28,12.3,11.94,12.3,11.9,53185,64250411.0,3.21,-4.33,-0.54,2.97
902,2013-08-29,11.8,11.56,12.06,11.41,31438,36560297.0,5.44,-3.18,-0.38,1.75
903,2013-08-30,11.38,11.22,11.69,11.16,27976,31903914.0,4.58,-2.94,-0.34,1.56
904,2013-09-02,11.09,11.65,11.66,11.08,19990,22771366.0,5.17,3.83,0.43,1.11
905,2013-09-03,11.66,11.55,11.73,11.47,20736,24071537.0,2.23,-0.86,-0.1,1.16
906,2013-09-04,11.72,11.71,11.94,11.46,29823,34905695.0,4.16,1.39,0.16,1.66
907,2013-09-05,11.68,11.78,11.89,11.55,25481,29916410.0,2.9,0.6,0.07,1.42
908,2013-09-06,11.84,12.12,12.19,11.71,41356,49800666.0,4.07,2.89,0.34,2.31
909,2013-09-09,12.12,11.65,12.27,11.63,50452,59625222.0,5.28,-3.88,-0.47,2.81
910,2013-09-10,11.71,11.55,11.75,11.38,46011,52894827.0,3.18,-0.86,-0.1,2.57
911,2013-09-11,11.48,11.7,11.71,11.31,30301,34871957.0,3.46,1.3,0.15,1.69
912,2013-09-12,11.61,11.51,11.79,11.37,26341,30423673.0,3.59,-1.62,-0.19,1.47
913,2013-09-13,11.5,11.43,11.6,11.25,20515,23400255.0,3.04,-0.7,-0.08,1.14
914,2013-09-16,11.41,11.71,11.74,11.41,40746,47220298.0,2.89,2.45,0.28,2.27
915,2013-09-17,11.88,11.47,11.89,11.42,48575,56725749.0,4.01,-2.05,-0.24,2.71
916,2013-09-18,11.5,11.42,11.5,11.3,26216,29766714.0,1.74,-0.44,-0.05,1.46
917,2013-09-23,11.47,11.42,11.5,11.31,27620,31516040.0,1.66,0.0,0.0,1.54
918,2013-09-24,11.51,11.44,11.75,11.4,47958,55701446.0,3.06,0.18,0.02,2.67
919,2013-09-25,11.59,11.99,12.02,11.5,71466,84180864.0,4.55,4.81,0.55,3.98
920,2013-09-26,12.0,11.63,12.01,11.52,45962,54283257.0,4.09,-3.0,-0.36,2.56
921,2013-09-27,11.77,11.31,11.77,11.28,34039,38900522.0,4.21,-2.75,-0.32,1.9
922,2013-09-30,11.47,11.37,11.48,11.29,22049,25038656.0,1.68,0.53,0.06,1.23
923,2013-10-08,11.38,11.07,11.38,10.51,68498,74092933.0,7.65,-2.64,-0.3,3.82
924,2013-10-09,10.89,11.15,11.2,10.86,67937,75018066.0,3.07,0.72,0.08,3.79
925,2013-10-10,11.15,10.96,11.19,10.9,41459,45695656.0,2.6,-1.7,-0.19,2.31
926,2013-10-11,10.96,11.06,11.07,10.94,31164,34291613.0,1.19,0.91,0.1,1.74
927,2013-10-14,11.5,12.17,12.17,11.44,140463,168920159.0,6.6,10.04,1.11,7.83
928,2013-10-15,12.58,12.68,13.28,12.27,184684,234564304.0,8.3,4.19,0.51,10.3
929,2013-10-16,12.39,12.27,12.59,11.9,94201,115268424.0,5.44,-3.23,-0.41,5.25
930,2013-10-17,12.35,12.3,12.58,12.14,68033,83919578.0,3.59,0.24,0.03,3.79
931,2013-10-18,12.5,12.59,13.08,12.35,88885,113102935.0,5.93,2.36,0.29,4.96
932,2013-10-21,12.78,12.98,13.05,12.11,106931,135361435.0,7.47,3.1,0.39,5.96
933,2013-10-22,12.85,13.28,13.9,12.71,119643,160855639.0,9.17,2.31,0.3,6.67
934,2013-10-23,13.2,13.21,13.83,13.0,89103,119638351.0,6.25,-0.53,-0.07,4.97
935,2013-10-24,13.1,13.09,13.56,12.71,80514,106516039.0,6.43,-0.91,-0.12,4.49
936,2013-10-25,13.27,13.14,13.27,12.3,90896,116431291.0,7.41,0.38,0.05,5.07
937,2013-10-28,13.18,12.58,13.37,12.58,57790,74716918.0,6.01,-4.26,-0.56,3.22
938,2013-10-29,12.4,12.11,12.57,11.32,74174,88571912.0,9.94,-3.74,-0.47,4.14
939,2013-10-30,12.2,12.4,12.76,12.0,63764,79052505.0,6.28,2.39,0.29,3.56
940,2013-10-31,12.28,12.13,12.42,11.9,39970,48584157.0,4.19,-2.18,-0.27,2.23
941,2013-11-01,12.04,12.08,12.62,12.0,33574,41311805.0,5.11,-0.41,-0.05,1.87
942,2013-11-04,12.3,12.12,12.35,11.7,37087,44535243.0,5.38,0.33,0.04,2.07
943,2013-11-05,12.04,12.31,12.37,11.76,35950,43661287.0,5.03,1.57,0.19,2.0
944,2013-11-06,12.5,12.11,12.6,12.11,36522,45278884.0,3.98,-1.62,-0.2,2.04
945,2013-11-07,12.05,11.65,12.29,11.65,30170,35991018.0,5.28,-3.8,-0.46,1.68
946,2013-11-08,11.5,11.25,11.75,11.25,30420,34814557.0,4.29,-3.43,-0.4,1.7
947,2013-11-11,11.46,11.75,11.91,11.46,34953,40906557.0,4.0,4.44,0.5,1.95
948,2013-11-12,11.7,11.9,12.09,11.55,31671,37286434.0,4.6,1.28,0.15,1.77
949,2013-11-13,11.9,11.46,11.9,11.46,25960,30226678.0,3.7,-3.7,-0.44,1.45
950,2013-11-14,11.46,11.7,11.76,11.4,21444,24995021.0,3.14,2.09,0.24,1.2
951,2013-11-15,11.9,12.0,12.27,11.79,42581,51650609.0,4.1,2.56,0.3,2.37
952,2013-11-18,12.25,12.32,12.54,12.14,35458,43586400.0,3.33,2.67,0.32,1.98
953,2013-11-19,12.24,12.4,12.55,12.18,32432,40204887.0,3.0,0.65,0.08,1.81
954,2013-11-20,12.6,12.63,12.79,12.41,34080,42846217.0,3.06,1.85,0.23,1.9
955,2013-11-21,12.7,12.45,12.7,12.38,33855,42307216.0,2.53,-1.43,-0.18,1.89
956,2013-11-22,12.45,12.2,12.62,12.18,27462,33971043.0,3.53,-2.01,-0.25,1.53
957,2013-11-25,12.2,12.75,12.78,12.13,51071,64304851.0,5.33,4.51,0.55,2.85
958,2013-11-26,13.0,12.77,13.15,12.73,59901,77362065.0,3.29,0.16,0.02,3.34
959,2013-11-27,12.95,13.3,13.36,12.84,74835,98801072.0,4.07,4.15,0.53,4.17
960,2013-11-28,13.49,13.18,13.55,13.13,61743,82135686.0,3.16,-0.9,-0.12,3.44
961,2013-11-29,13.15,13.17,13.37,13.12,42737,56436873.0,1.9,-0.08,-0.01,2.38
962,2013-12-02,12.48,11.85,12.81,11.85,72642,88638915.0,7.29,-10.02,-1.32,4.05
963,2013-12-03,11.55,12.07,12.18,11.21,56740,66739637.0,8.19,1.86,0.22,3.16
964,2013-12-04,12.05,12.11,12.25,11.98,48834,59175505.0,2.24,0.33,0.04,2.72
965,2013-12-05,12.12,11.78,12.12,11.7,28803,34095130.0,3.47,-2.73,-0.33,1.61
966,2013-12-06,11.53,11.85,11.93,11.53,21466,25324658.0,3.4,0.59,0.07,1.2
967,2013-12-09,11.92,11.83,11.99,11.77,16992,20153816.0,1.86,-0.17,-0.02,0.95
968,2013-12-10,11.84,11.87,11.93,11.76,19681,23319102.0,1.44,0.34,0.04,1.1
969,2013-12-11,11.84,11.71,11.91,11.66,12341,14497404.0,2.11,-1.35,-0.16,0.69
970,2013-12-12,11.7,11.96,12.08,11.6,25269,30230378.0,4.1,2.13,0.25,1.41
971,2013-12-13,11.96,12.4,12.45,11.9,38527,47094798.0,4.6,3.68,0.44,2.15
972,2013-12-16,12.3,12.3,12.49,12.21,28028,34552746.0,2.26,-0.81,-0.1,1.56
973,2013-12-17,12.22,12.4,12.59,12.22,38280,47669307.0,3.01,0.81,0.1,2.13
974,2013-12-18,13.1,12.75,13.27,12.51,54358,69577083.0,6.13,2.82,0.35,3.03
975,2013-12-19,12.73,12.75,13.05,12.62,45768,59006743.0,3.37,0.0,0.0,2.55
976,2013-12-20,12.85,12.62,12.85,12.36,62108,77974488.0,3.84,-1.02,-0.13,3.46
977,2013-12-23,12.68,12.75,12.88,12.41,30037,38039919.0,3.72,1.03,0.13,1.67
978,2013-12-24,12.69,13.68,13.68,12.65,89339,118810705.0,8.08,7.29,0.93,4.98
979,2013-12-25,13.6,14.16,14.18,13.48,76897,106307292.0,5.12,3.51,0.48,4.29
980,2013-12-26,14.0,13.9,14.5,13.9,78507,111652339.0,4.24,-1.84,-0.26,4.38
981,2013-12-27,13.8,15.29,15.29,13.75,53639,79828473.0,11.08,10.0,1.39,2.99
982,2013-12-30,16.0,15.12,16.0,14.96,83531,128304247.0,6.8,-1.11,-0.17,4.66
983,2013-12-31,14.9,15.22,15.53,14.35,60237,89712232.0,7.8,0.66,0.1,3.36
984,2014-01-02,15.5,15.62,16.08,14.81,56646,87874273.0,8.34,2.63,0.4,3.16
985,2014-01-03,15.3,15.5,15.92,15.28,42867,67106860.0,4.1,-0.77,-0.12,2.39
986,2014-01-06,15.39,15.12,15.55,14.82,45952,69797942.0,4.71,-2.45,-0.38,2.56
987,2014-01-07,15.18,16.25,16.25,14.91,64643,101576376.0,8.86,7.47,1.13,3.6
988,2014-01-08,16.3,16.18,17.55,16.1,72560,121102951.0,8.92,-0.43,-0.07,4.05
989,2014-01-09,16.2,15.88,16.81,15.8,60513,98488353.0,6.24,-1.85,-0.3,3.37
990,2014-01-10,15.97,16.18,16.5,15.26,45146,72568663.0,7.81,1.89,0.3,2.52
991,2014-01-13,16.4,16.01,16.4,15.71,34615,55644073.0,4.26,-1.05,-0.17,1.93
992,2014-01-14,15.99,16.49,16.68,15.82,39776,64605936.0,5.37,3.0,0.48,2.22
993,2014-01-15,16.49,16.34,16.85,16.2,34077,56155830.0,3.94,-0.91,-0.15,1.9
994,2014-01-16,16.34,15.29,16.34,15.25,54506,86249187.0,6.67,-6.43,-1.05,3.04
995,2014-03-21,16.82,16.82,16.82,16.82,6051,10177378.0,0.0,10.01,1.53,0.34
996,2014-03-24,18.5,17.86,18.5,17.19,158131,283054704.0,7.79,6.18,1.04,8.82
997,2014-03-25,17.7,18.79,19.48,17.69,110674,205590433.0,10.02,5.21,0.93,6.17
998,2014-03-26,18.24,18.77,19.0,17.88,68691,127418753.0,5.96,-0.11,-0.02,3.83
999,2014-03-27,18.8,17.78,18.8,17.3,65418,117645520.0,7.99,-5.27,-0.99,3.65
1000,2014-03-28,17.6,16.59,17.78,16.46,57282,96845687.0,7.42,-6.69,-1.19,3.19
1001,2014-03-31,16.8,16.88,17.72,16.34,48508,83450088.0,8.32,1.75,0.29,2.7
1002,2014-04-01,17.37,17.18,17.43,16.82,33698,57702752.0,3.61,1.78,0.3,1.88
1003,2014-04-02,17.28,17.0,17.66,16.7,37825,65249776.0,5.59,-1.05,-0.18,2.13
1004,2014-04-03,17.6,17.15,18.0,16.99,39877,69519874.0,5.94,0.88,0.15,2.25
1005,2014-04-04,17.03,16.68,17.12,16.38,51049,85239343.0,4.31,-2.74,-0.47,2.88
1006,2014-04-08,16.68,16.34,16.72,16.0,43970,71523593.0,4.32,-2.04,-0.34,2.48
1007,2014-04-09,16.3,16.95,16.96,16.3,34239,57135526.0,4.04,3.73,0.61,1.93
1008,2014-04-10,9.45,9.78,10.1,9.4,127754,124906515.0,4.13,-42.3,-7.17,4.01
1009,2014-04-11,9.58,10.76,10.76,9.44,229614,238248544.0,13.5,10.02,0.98,7.21
1010,2014-04-14,10.7,10.82,11.1,10.58,174502,188838431.0,4.83,0.56,0.06,5.48
1011,2014-04-15,10.98,10.47,11.22,10.4,117257,125770267.0,7.58,-3.23,-0.35,3.68
1012,2014-04-16,10.49,10.21,10.49,10.05,101015,103255568.0,4.2,-2.48,-0.26,3.17
1013,2014-04-17,10.26,10.27,10.45,10.15,71165,73340841.0,2.94,0.59,0.06,2.23
1014,2014-04-18,10.22,10.5,10.69,10.18,88713,93222482.0,4.97,2.24,0.23,2.78
1015,2014-04-21,10.37,10.09,10.44,10.03,62579,63912034.0,3.9,-3.9,-0.41,1.96
1016,2014-04-22,10.0,9.8,10.11,9.28,95739,93349885.0,8.23,-2.87,-0.29,3.0
1017,2014-04-23,9.73,9.66,10.02,9.58,67590,66024053.0,4.49,-1.43,-0.14,2.12
1018,2014-04-24,9.66,9.46,9.68,9.32,57672,54709760.0,3.73,-2.07,-0.2,1.81
1019,2014-04-25,9.46,9.52,9.8,9.38,57423,55270853.0,4.44,0.63,0.06,1.8
1020,2014-04-28,9.4,9.2,9.64,9.12,47979,45135529.0,5.46,-3.36,-0.32,1.51
1021,2014-04-29,9.2,9.69,9.75,9.2,61923,58889336.0,5.98,5.33,0.49,1.94
1022,2014-04-30,9.69,10.02,10.26,9.65,97908,98083416.0,6.3,3.41,0.33,3.07
1023,2014-05-05,10.39,10.37,10.63,10.15,97515,100942803.0,4.79,3.49,0.35,3.06
1024,2014-05-06,10.35,10.35,10.67,10.28,85185,89180074.0,3.76,-0.19,-0.02,2.67
1025,2014-05-07,10.35,10.53,11.17,10.18,143436,153732794.0,9.57,1.74,0.18,4.5
1026,2014-05-08,10.53,10.53,11.0,10.3,117054,125415464.0,6.65,0.0,0.0,3.67
1027,2014-05-09,10.53,10.62,10.84,10.35,82932,87977760.0,4.65,0.85,0.09,2.6
1028,2014-05-12,10.8,10.48,10.89,10.25,79969,84062286.0,6.03,-1.32,-0.14,2.51
1029,2014-05-13,10.46,10.26,10.65,10.14,65947,68197677.0,4.87,-2.1,-0.22,2.07
1030,2014-05-14,10.25,10.24,10.37,10.15,40665,41627946.0,2.14,-0.19,-0.02,1.28
1031,2014-05-15,10.24,10.73,11.03,10.18,159914,171187285.0,8.3,4.79,0.49,5.02
1032,2014-05-16,10.65,10.54,11.0,10.34,67169,71416425.0,6.15,-1.77,-0.19,2.11
1033,2014-05-19,10.55,10.58,10.81,10.37,49188,52061106.0,4.17,0.38,0.04,1.54
1034,2014-05-20,10.71,11.26,11.48,10.6,139827,152964409.0,8.32,6.43,0.68,4.39
1035,2014-05-21,11.21,11.3,11.58,11.06,139894,158656915.0,4.62,0.36,0.04,4.39
1036,2014-05-22,11.25,11.09,11.41,11.07,85728,96072450.0,3.01,-1.86,-0.21,2.69
1037,2014-05-23,11.01,11.32,11.32,10.82,78077,86701032.0,4.51,2.07,0.23,2.45
1038,2014-05-26,11.31,11.62,11.77,11.21,96651,111165277.0,4.95,2.65,0.3,3.03
1039,2014-05-27,11.62,11.43,11.62,11.32,59251,67822507.0,2.58,-1.64,-0.19,1.86
1040,2014-05-28,11.52,11.84,11.85,11.24,102917,118951416.0,5.34,3.59,0.41,3.23
1041,2014-05-29,11.81,11.42,11.87,11.4,74766,86862555.0,3.97,-3.55,-0.42,2.35
1042,2014-05-30,11.38,11.31,11.6,11.16,55914,63274818.0,3.85,-0.96,-0.11,1.75
1043,2014-06-03,11.4,11.15,11.41,11.08,49877,55697536.0,2.92,-1.41,-0.16,1.57
1044,2014-06-04,11.07,11.24,11.27,11.07,46779,52187140.0,1.79,0.81,0.09,1.47
1045,2014-06-05,11.28,11.24,11.31,11.1,48874,54675347.0,1.87,0.0,0.0,1.53
1046,2014-06-06,11.26,11.11,11.36,11.02,49381,55280755.0,3.02,-1.16,-0.13,1.55
1047,2014-06-09,11.08,10.2,11.14,10.06,128752,135598683.0,9.72,-8.19,-0.91,4.04
1048,2014-06-10,10.36,10.64,10.79,10.3,92778,98204176.0,4.8,4.31,0.44,2.91
1049,2014-06-11,10.66,10.64,10.7,10.43,44339,46882470.0,2.54,0.0,0.0,1.39
1050,2014-06-12,10.6,10.64,10.65,10.36,53946,56653259.0,2.73,0.0,0.0,1.69
1051,2014-06-13,10.6,11.19,11.26,10.57,96458,106507517.0,6.48,5.17,0.55,3.03
1052,2014-06-16,11.25,11.42,11.59,11.08,75047,85434982.0,4.56,2.06,0.23,2.36
1053,2014-06-17,11.42,11.45,11.55,11.15,71506,81417327.0,3.5,0.26,0.03,2.24
1054,2014-06-18,11.46,11.16,11.6,11.12,53131,60220380.0,4.19,-2.53,-0.29,1.67
1055,2014-06-19,11.16,10.92,11.49,10.83,69095,77370761.0,5.91,-2.15,-0.24,2.17
1056,2014-06-20,10.97,11.12,11.17,10.62,36812,40332203.0,5.04,1.83,0.2,1.16
1057,2014-06-23,11.22,11.35,11.56,11.1,60323,68689811.0,4.14,2.07,0.23,1.89
1058,2014-06-24,11.49,11.35,11.5,11.22,35316,40047526.0,2.47,0.0,0.0,1.11
1059,2014-06-25,11.37,11.08,11.38,11.01,43484,48255593.0,3.26,-2.38,-0.27,1.36
1060,2014-06-26,11.08,11.2,11.35,11.05,39614,44445707.0,2.71,1.08,0.12,1.24
1061,2014-06-27,11.12,11.36,11.45,11.11,52876,59834370.0,3.04,1.43,0.16,1.66
1062,2014-06-30,11.37,11.9,11.98,11.37,114830,134726981.0,5.37,4.75,0.54,3.6
1063,2014-07-01,11.88,12.03,12.06,11.75,76163,90911936.0,2.61,1.09,0.13,2.39
1064,2014-07-02,12.05,11.94,12.09,11.67,63689,75554660.0,3.49,-0.75,-0.09,2.0
1065,2014-07-14,12.92,12.34,12.92,12.01,149720,185565910.0,7.62,3.35,0.4,4.7
1066,2014-07-15,12.19,12.96,13.32,12.18,140976,182322193.0,9.24,5.02,0.62,4.42
1067,2014-07-16,12.4,12.37,12.88,12.21,76285,95115357.0,5.17,-4.55,-0.59,2.39
1068,2014-07-17,12.47,12.28,12.57,12.03,52454,64413441.0,4.37,-0.73,-0.09,1.65
1069,2014-07-18,12.27,12.33,12.66,12.16,65452,81488790.0,4.07,0.41,0.05,2.05
1070,2014-07-21,12.34,12.11,12.43,11.8,51696,61972351.0,5.11,-1.78,-0.22,1.62
1071,2014-07-22,12.0,12.2,12.37,11.86,39787,48686061.0,4.21,0.74,0.09,1.25
1072,2014-07-23,12.44,12.23,12.55,12.05,53547,65750719.0,4.1,0.25,0.03,1.68
1073,2014-07-24,12.2,11.77,12.2,11.5,67207,79361700.0,5.72,-3.76,-0.46,2.11
1074,2014-07-25,11.77,11.96,12.27,11.77,42953,51534964.0,4.25,1.61,0.19,1.35
1075,2014-07-28,11.96,12.2,12.29,11.86,48308,58780548.0,3.6,2.01,0.24,1.52
1076,2014-07-29,12.22,12.97,13.17,12.22,104869,132819364.0,7.79,6.31,0.77,3.29
1077,2014-07-30,12.82,12.78,13.15,12.75,72025,93115143.0,3.08,-1.46,-0.19,2.26
1078,2014-07-31,12.81,12.95,13.13,12.74,49493,63811909.0,3.05,1.33,0.17,1.55
1079,2014-08-01,12.85,13.47,13.75,12.77,106534,141908446.0,7.57,4.02,0.52,3.34
1080,2014-08-04,13.53,13.85,14.06,13.47,74385,102901079.0,4.38,2.82,0.38,2.33
1081,2014-08-05,13.8,13.76,13.8,13.42,42702,58296546.0,2.74,-0.65,-0.09,1.34
1082,2014-08-06,13.77,13.83,13.99,13.6,37179,51132641.0,2.83,0.51,0.07,1.17
1083,2014-08-07,13.78,13.5,13.85,13.45,47035,64017168.0,2.89,-2.39,-0.33,1.48
1084,2014-08-08,13.57,13.54,13.64,13.37,27257,36772174.0,2.0,0.3,0.04,0.86
1085,2014-08-11,13.54,14.0,14.1,13.48,46629,64957152.0,4.58,3.4,0.46,1.46
1086,2014-08-12,14.01,13.87,14.2,13.76,40701,56833092.0,3.14,-0.93,-0.13,1.28
1087,2014-08-13,13.85,14.02,14.07,13.66,35120,48754405.0,2.96,1.08,0.15,1.1
1088,2014-08-14,14.02,13.57,14.08,13.55,54006,74310743.0,3.78,-3.21,-0.45,1.69
1089,2014-08-15,13.51,13.6,13.68,13.38,29966,40520086.0,2.21,0.22,0.03,0.94
1090,2014-08-18,13.71,13.83,13.86,13.5,40445,55551529.0,2.65,1.69,0.23,1.27
1091,2014-08-19,13.75,14.26,14.38,13.75,76553,108325394.0,4.56,3.11,0.43,2.4
1092,2014-08-20,14.24,14.11,14.47,14.09,38201,54316509.0,2.66,-1.05,-0.15,1.2
1093,2014-08-21,14.2,14.26,14.32,13.84,49728,69784007.0,3.4,1.06,0.15,1.56
1094,2014-08-22,14.32,14.67,14.8,14.32,49658,72326049.0,3.37,2.88,0.41,1.56
1095,2014-08-25,14.8,15.34,15.98,14.8,107901,165903051.0,8.04,4.57,0.67,3.39
1096,2014-08-26,15.41,14.67,15.56,14.64,72571,107797424.0,6.0,-4.37,-0.67,2.28
1097,2014-08-27,14.6,15.08,15.29,14.38,46255,69283428.0,6.2,2.79,0.41,1.45
1098,2014-08-28,15.05,15.2,15.4,14.92,41971,63708459.0,3.18,0.8,0.12,1.32
1099,2014-08-29,15.2,15.19,15.42,15.07,31150,47369134.0,2.3,-0.07,-0.01,0.98
1100,2014-09-01,15.28,15.72,15.86,15.12,55399,86078126.0,4.87,3.49,0.53,1.74
1101,2014-09-02,15.75,15.81,15.94,15.5,58705,92440433.0,2.8,0.57,0.09,1.84
1102,2014-09-03,15.74,16.08,16.55,15.6,90568,146811608.0,6.01,1.71,0.27,2.84
1103,2014-09-04,16.1,16.14,16.24,15.84,73009,116960476.0,2.49,0.37,0.06,2.29
1104,2014-09-05,16.1,16.15,16.26,16.02,47461,76387324.0,1.49,0.06,0.01,1.49
1105,2014-09-09,16.15,15.81,16.2,15.62,87046,137252006.0,3.59,-2.11,-0.34,2.73
1106,2014-09-10,16.0,16.22,16.29,15.8,98278,158245316.0,3.1,2.59,0.41,3.08
1107,2014-09-11,16.39,16.12,16.42,15.98,59855,96927346.0,2.71,-0.62,-0.1,1.88
1108,2014-09-12,16.06,16.27,16.33,16.02,39704,64367174.0,1.92,0.93,0.15,1.25
1109,2014-09-15,16.39,15.96,16.39,15.65,96854,154150006.0,4.55,-1.91,-0.31,3.04
1110,2014-09-16,15.9,15.38,16.03,15.34,90053,141628132.0,4.32,-3.63,-0.58,2.83
1111,2014-09-17,15.32,15.59,15.77,15.11,77717,119921811.0,4.29,1.37,0.21,2.44
1112,2014-09-18,15.59,15.8,15.88,15.4,57099,89822598.0,3.08,1.35,0.21,1.79
1113,2014-09-19,16.1,16.22,16.79,16.09,84026,136853966.0,4.43,2.66,0.42,2.64
1114,2014-09-22,16.12,15.84,16.13,15.68,65698,104044892.0,2.77,-2.34,-0.38,2.06
1115,2014-09-23,15.78,15.89,16.0,15.78,34520,54814572.0,1.39,0.32,0.05,1.08
1116,2014-09-24,15.8,16.1,16.21,15.8,50449,81206196.0,2.58,1.32,0.21,1.58
1117,2014-09-25,16.26,15.96,16.27,15.83,56018,89955440.0,2.73,-0.87,-0.14,1.76
1118,2014-09-26,15.96,15.71,15.96,15.66,43023,67775279.0,1.88,-1.57,-0.25,1.35
1119,2014-09-29,15.72,15.97,16.1,15.72,46660,74175161.0,2.42,1.65,0.26,1.46
1120,2014-09-30,15.91,16.0,16.08,15.78,40162,63985033.0,1.88,0.19,0.03,1.26
1121,2014-10-08,16.0,15.98,16.0,15.75,42720,67830403.0,1.56,-0.13,-0.02,1.34
1122,2014-10-09,16.0,16.12,16.28,15.8,78705,126658728.0,3.0,0.88,0.14,2.47
1123,2014-10-10,16.19,15.94,16.24,15.91,39670,63760898.0,2.05,-1.12,-0.18,1.24
1124,2014-10-13,15.86,15.99,16.02,15.38,74363,116914630.0,4.02,0.31,0.05,2.33
1125,2014-10-14,15.93,15.83,16.0,15.79,30493,48450410.0,1.31,-1.0,-0.16,0.96
1126,2014-10-15,15.98,15.98,16.15,15.86,38695,61828361.0,1.83,0.95,0.15,1.21
1127,2014-10-16,16.06,16.6,17.48,15.9,182695,306482768.0,9.89,3.88,0.62,5.73
1128,2014-10-17,16.55,16.91,17.0,15.88,105229,174430773.0,6.75,1.87,0.31,3.3
1129,2014-10-20,17.06,17.12,17.58,17.0,87494,150519120.0,3.43,1.24,0.21,2.75
1130,2014-10-21,17.19,17.34,17.55,17.0,105920,183415401.0,3.21,1.29,0.22,3.32
1131,2014-10-22,17.33,18.18,18.4,17.25,152177,273463600.0,6.63,4.84,0.84,4.77
1132,2014-10-23,18.3,17.9,19.25,17.88,161225,296336592.0,7.54,-1.54,-0.28,5.06
1133,2014-10-24,17.95,17.91,18.48,17.5,94108,170633508.0,5.47,0.06,0.01,2.95
1134,2014-10-27,17.8,18.8,18.99,17.15,112418,203404674.0,10.27,4.97,0.89,3.53
1135,2014-10-28,18.69,19.2,19.53,18.41,141535,268696528.0,5.96,2.13,0.4,4.44
1136,2014-10-29,19.05,19.38,20.0,19.01,129566,253181940.0,5.16,0.94,0.18,4.07
1137,2014-10-30,19.3,19.26,19.72,19.01,90731,175337768.0,3.66,-0.62,-0.12,2.85
1138,2014-10-31,19.04,19.26,19.39,18.48,96108,181094483.0,4.72,0.0,0.0,3.02
1139,2014-11-03,19.2,19.0,19.48,18.85,46781,89057174.0,3.27,-1.35,-0.26,1.47
1140,2014-11-04,18.97,18.45,19.18,18.3,62869,116811812.0,4.63,-2.89,-0.55,1.97
1141,2014-11-05,18.45,18.7,18.98,17.97,64617,119307352.0,5.47,1.36,0.25,2.03
1142,2014-11-06,18.74,19.07,19.21,18.72,52524,99861101.0,2.62,1.98,0.37,1.65
1143,2014-11-07,19.15,18.6,19.38,18.57,46191,87239391.0,4.25,-2.46,-0.47,1.45
1144,2014-11-10,18.51,18.5,18.58,18.07,39067,71513187.0,2.74,-0.54,-0.1,1.23
1145,2014-11-11,18.35,16.7,18.4,16.67,102369,178207181.0,9.35,-9.73,-1.8,3.21
1146,2014-11-12,16.73,17.23,17.29,16.42,109214,183605040.0,5.21,3.17,0.53,3.43
1147,2014-11-13,17.1,16.15,17.19,16.1,98006,161565259.0,6.33,-6.27,-1.08,3.07
1148,2014-11-14,16.27,16.41,16.86,15.99,96943,158786755.0,5.39,1.61,0.26,3.04
1149,2014-11-17,16.49,16.92,17.1,16.21,64195,108183457.0,5.42,3.11,0.51,2.01
1150,2014-11-18,16.95,17.2,17.45,16.85,55947,96496605.0,3.55,1.65,0.28,1.76
1151,2014-11-19,17.21,17.04,17.46,16.82,53603,91669568.0,3.72,-0.93,-0.16,1.68
1152,2014-11-20,17.0,17.09,17.45,16.91,43672,74962427.0,3.17,0.29,0.05,1.37
1153,2014-11-21,17.1,17.25,17.43,17.0,46316,80118687.0,2.52,0.94,0.16,1.45
1154,2015-02-03,18.98,18.98,18.98,18.98,8981,17045615.0,0.0,10.03,1.73,0.27
1155,2015-02-04,20.88,20.88,20.88,20.0,88640,184300800.0,4.64,10.01,1.9,2.63
1156,2015-02-05,22.88,20.11,22.88,20.02,282471,606605376.0,13.7,-3.69,-0.77,8.37
1157,2015-02-06,20.07,20.86,21.23,19.56,128634,265424560.0,8.3,3.73,0.75,3.81
1158,2015-02-09,21.0,21.2,21.86,20.66,96620,205666672.0,5.75,1.63,0.34,2.86
1159,2015-02-10,21.1,20.76,21.13,20.08,59741,123663603.0,4.95,-2.08,-0.44,1.77
1160,2015-02-11,21.01,20.58,21.56,20.3,65597,136823894.0,6.07,-0.87,-0.18,1.94
1161,2015-02-12,20.58,20.39,20.9,20.1,83847,171352481.0,3.89,-0.92,-0.19,2.49
1162,2015-02-13,20.47,20.76,21.2,20.4,77096,160001353.0,3.92,1.81,0.37,2.29
1163,2015-02-16,21.02,22.84,22.84,21.02,116434,260223096.0,8.77,10.02,2.08,3.45
1164,2015-02-17,23.0,24.3,25.0,22.91,127099,302381840.0,9.15,6.39,1.46,3.77
1165,2015-02-25,24.3,24.07,24.55,23.5,64496,154706677.0,4.32,-0.95,-0.23,1.91
1166,2015-02-26,23.99,23.97,24.35,23.56,53198,127402912.0,3.28,-0.42,-0.1,1.58
1167,2015-02-27,23.71,25.75,26.29,23.69,97181,245976491.0,10.85,7.43,1.78,2.88
1168,2015-03-02,26.15,25.87,26.15,24.8,71774,184429746.0,5.24,0.47,0.12,2.13
1169,2015-03-03,25.5,25.2,25.75,25.0,72745,184140650.0,2.9,-2.59,-0.67,2.16
1170,2015-03-04,25.15,25.08,25.4,24.76,66314,165657373.0,2.54,-0.48,-0.12,1.97
1171,2015-03-05,25.2,25.16,25.25,24.43,60860,150641994.0,3.27,0.32,0.08,1.8
1172,2015-03-06,25.19,23.71,25.5,23.68,67249,164107742.0,7.23,-5.76,-1.45,1.99
1173,2015-03-09,23.5,23.96,24.7,23.0,60372,143823163.0,7.17,1.05,0.25,1.79
1174,2015-03-10,24.0,24.39,24.7,24.0,46588,113780593.0,2.92,1.79,0.43,1.38
1175,2015-03-11,24.42,23.8,24.96,23.55,46339,111698082.0,5.78,-2.42,-0.59,1.37
1176,2015-03-12,23.93,23.83,24.5,23.5,37978,90805560.0,4.2,0.13,0.03,1.13
1177,2015-03-13,23.84,24.77,24.84,23.82,50475,122793003.0,4.28,3.94,0.94,1.5
1178,2015-03-16,24.89,25.23,25.66,24.88,78437,197825845.0,3.15,1.86,0.46,2.33
1179,2015-03-17,25.01,24.7,25.22,24.55,70223,174413565.0,2.66,-2.1,-0.53,2.08
1180,2015-03-18,24.75,24.64,24.8,23.89,99557,241598535.0,3.68,-0.24,-0.06,2.95
1181,2015-03-19,24.59,24.28,24.97,24.0,110691,270935792.0,3.94,-1.46,-0.36,3.28
1182,2015-03-20,24.19,24.4,24.68,23.89,111775,269893904.0,3.25,0.49,0.12,3.31
1183,2015-03-23,24.4,24.48,24.69,24.21,136968,334003904.0,1.97,0.33,0.08,4.06
1184,2015-03-24,24.5,24.06,24.5,23.6,134593,323428864.0,3.68,-1.72,-0.42,3.99
1185,2015-03-25,24.06,26.02,26.44,23.6,209158,530599728.0,11.8,8.15,1.96,6.2
1186,2015-03-26,25.88,25.05,26.53,24.99,147386,379109904.0,5.92,-3.73,-0.97,4.37
1187,2015-03-27,24.81,24.62,25.43,24.5,80880,201163152.0,3.71,-1.72,-0.43,2.4
1188,2015-03-30,24.64,24.38,25.05,24.0,102838,250302157.0,4.26,-0.97,-0.24,3.05
1189,2015-03-31,24.37,24.25,24.65,23.95,87066,211441064.0,2.87,-0.53,-0.13,2.57
1190,2015-04-01,24.42,24.68,24.78,24.17,90677,222073074.0,2.52,1.77,0.43,2.68
1191,2015-04-02,24.76,25.32,25.5,24.76,126055,318270160.0,3.0,2.59,0.64,3.72
1192,2015-04-03,25.5,25.74,26.5,25.1,142472,368032480.0,5.53,1.66,0.42,4.21
1193,2015-04-07,25.7,27.79,28.3,25.62,193550,523476800.0,10.41,7.96,2.05,5.71
1194,2015-04-08,27.85,26.62,28.28,25.8,169602,459769024.0,8.92,-4.21,-1.17,5.01
1195,2015-04-09,26.98,25.9,27.2,25.05,109384,285022080.0,8.08,-2.7,-0.72,3.23
1196,2015-04-10,25.89,26.92,27.7,25.41,113851,306850256.0,8.84,3.94,1.02,3.36
1197,2015-04-13,27.99,29.61,29.61,27.48,180014,526535408.0,7.91,9.99,2.69,5.31
1198,2015-04-14,30.9,29.4,32.38,29.36,195429,604598112.0,10.2,-0.71,-0.21,5.77
1199,2015-04-15,28.89,29.0,30.85,28.19,140671,418102880.0,9.05,-1.36,-0.4,4.15
1200,2015-04-16,28.77,29.88,30.48,28.3,125674,371871504.0,7.52,3.03,0.88,3.71
1201,2015-04-17,29.9,32.03,32.84,29.9,182533,584925232.0,9.84,7.2,2.15,5.39
1202,2015-04-20,31.6,29.1,31.7,29.0,147620,448133008.0,8.43,-9.15,-2.93,4.36
1203,2015-04-21,29.2,30.18,30.7,28.7,108821,321790560.0,6.87,3.71,1.08,3.21
1204,2015-04-22,30.3,30.88,31.35,29.6,89331,273555920.0,5.8,2.32,0.7,2.64
1205,2015-04-23,30.66,30.13,31.83,30.01,70730,219322840.0,5.89,-2.43,-0.75,2.09
1206,2015-04-24,29.3,29.95,29.95,28.08,107455,313031920.0,6.21,-0.6,-0.18,3.17
1207,2015-04-27,30.16,29.72,30.4,28.81,71211,210387257.0,5.31,-0.77,-0.23,2.1
1208,2015-04-28,29.98,29.5,30.5,28.96,76706,226543403.0,5.18,-0.74,-0.22,2.26
1209,2015-04-29,29.5,31.8,32.4,29.0,120395,375554528.0,11.53,7.8,2.3,3.55
1210,2015-04-30,31.83,33.97,34.53,31.8,121932,414471696.0,8.58,6.82,2.17,3.6
1211,2015-05-04,34.64,35.0,35.67,31.79,113057,387910800.0,11.42,3.03,1.03,3.34
1212,2015-05-05,34.04,33.88,34.33,33.01,50178,168685790.0,3.77,-3.2,-1.12,1.48
1213,2015-05-06,33.88,33.61,35.8,33.55,72072,247938539.0,6.64,-0.8,-0.27,2.13
1214,2015-05-07,33.51,33.02,33.99,32.53,36336,120841384.0,4.34,-1.76,-0.59,1.07
1215,2015-05-08,32.93,34.35,34.65,32.93,51033,173962309.0,5.21,4.03,1.33,1.51
1216,2015-05-11,34.35,34.84,35.5,33.4,88211,306008368.0,6.11,1.43,0.49,2.6
1217,2015-05-12,34.85,37.39,37.4,34.84,120505,433394144.0,7.35,7.32,2.55,3.56
1218,2015-05-13,37.0,37.02,39.0,35.52,72532,272838944.0,9.31,-0.99,-0.37,2.14
1219,2015-05-14,37.11,38.18,38.18,35.83,133325,491123344.0,6.35,3.13,1.16,3.94
1220,2015-05-15,36.8,36.55,38.09,36.01,107732,395803872.0,5.45,-4.27,-1.63,3.18
1221,2015-05-18,37.0,37.95,38.29,35.88,119530,443236032.0,6.59,3.83,1.4,3.53
1222,2015-05-19,38.0,37.38,38.28,36.0,99460,366198992.0,6.01,-1.5,-0.57,2.94
1223,2015-05-20,37.58,37.66,40.11,37.3,90734,351395584.0,7.52,0.75,0.28,2.68
1224,2015-05-21,37.7,39.69,40.6,37.66,125931,488473840.0,7.81,5.39,2.03,3.72
1225,2015-05-22,40.75,40.87,41.98,38.71,116972,474435024.0,8.24,2.97,1.18,3.45
1226,2015-05-25,39.71,40.7,42.22,39.05,84503,345184944.0,7.76,-0.42,-0.17,2.49
1227,2015-05-26,41.03,43.0,43.56,40.7,94695,400922864.0,7.03,5.65,2.3,2.8
1228,2015-05-27,43.05,47.3,47.3,42.18,110402,501690128.0,11.91,10.0,4.3,3.26
1229,2015-05-28,47.38,45.76,52.0,45.76,135254,659793872.0,13.19,-3.26,-1.54,3.99
1230,2015-05-29,45.8,49.78,49.78,42.0,136990,653321616.0,17.0,8.78,4.02,4.04
1231,2015-06-01,51.3,54.76,54.76,51.09,108714,587577856.0,7.37,10.0,4.98,3.21
1232,2015-06-02,55.12,55.45,59.8,54.63,130482,744435616.0,9.44,1.26,0.69,3.85
1233,2015-06-03,56.15,55.8,58.5,54.28,101099,570091344.0,7.61,0.63,0.35,2.98
1234,2015-06-04,55.8,50.6,55.8,50.22,124867,645817632.0,10.0,-9.32,-5.2,3.69
1235,2015-06-05,50.65,55.0,55.0,47.71,145258,733880144.0,14.41,8.7,4.4,4.29
1236,2015-06-08,55.6,49.71,56.48,49.55,104762,544557440.0,12.6,-9.62,-5.29,3.09
1237,2015-06-09,48.0,47.42,51.0,45.8,102106,491045168.0,10.46,-4.61,-2.29,3.01
1238,2015-06-10,47.42,48.75,50.0,46.8,92558,446226944.0,6.75,2.8,1.33,2.73
1239,2015-06-11,48.6,49.49,50.56,48.01,68344,338048960.0,5.23,1.52,0.74,2.02
1240,2015-06-12,48.8,50.72,51.5,48.8,80189,408287712.0,5.46,2.49,1.23,2.37
1241,2015-06-15,50.76,45.65,50.77,45.65,106548,500275568.0,10.09,-10.0,-5.07,3.15
1242,2015-06-16,44.03,41.42,44.3,41.11,108945,462401568.0,6.99,-9.27,-4.23,3.22
1243,2015-06-17,41.85,43.5,43.78,40.82,82158,348725728.0,7.15,5.02,2.08,2.43
1244,2015-06-18,43.0,39.2,44.3,39.16,88063,366809744.0,11.82,-9.89,-4.3,2.6
1245,2015-06-19,38.9,39.8,42.59,38.09,118866,485121792.0,11.48,1.53,0.6,3.51
1246,2015-06-23,41.5,43.78,43.78,39.92,99794,419822896.0,9.7,10.0,3.98,2.95
1247,2015-06-24,44.77,45.39,46.5,44.0,91466,415129408.0,5.71,3.68,1.61,2.7
1248,2015-06-25,46.6,41.91,46.6,41.0,87352,382089472.0,12.34,-7.67,-3.48,2.58
1249,2015-06-26,40.0,37.72,40.98,37.72,77661,302247760.0,7.78,-10.0,-4.19,2.29
1250,2015-06-29,39.0,33.95,39.9,33.95,91736,327191680.0,15.77,-9.99,-3.77,2.71
1251,2015-06-30,31.01,35.42,37.0,30.56,134380,456018336.0,18.97,4.33,1.47,3.91
1252,2015-07-01,36.0,32.67,38.07,31.88,121363,429544976.0,17.48,-7.76,-2.75,3.53
1253,2015-07-02,32.67,29.41,33.08,29.4,129444,400529456.0,11.26,-9.98,-3.26,3.76
1254,2015-07-03,26.69,28.6,31.27,26.47,128597,364157856.0,16.32,-2.75,-0.81,3.74
1255,2015-07-06,31.46,27.1,31.46,25.74,106365,299523984.0,20.0,-5.24,-1.5,3.09
1256,2015-07-07,25.16,24.39,25.92,24.39,55802,137730521.0,5.65,-10.0,-2.71,1.62
1257,2015-07-08,21.95,23.79,25.69,21.95,657516,1497827488.0,15.33,-2.46,-0.6,19.11
1258,2015-07-09,23.79,26.17,26.17,23.79,166760,424768496.0,10.0,10.0,2.38,4.85
1259,2015-07-10,28.79,28.79,28.79,28.52,53498,153966115.0,1.03,10.01,2.62,1.56
1260,2015-07-13,31.67,31.67,31.67,31.66,34893,110506102.0,0.03,10.0,2.88,1.01
1261,2015-07-14,34.84,34.84,34.84,33.25,150680,522807600.0,5.02,10.01,3.17,4.38
1262,2015-07-15,34.2,31.36,34.2,31.36,132642,430964544.0,8.15,-9.99,-3.48,3.86
1263,2015-07-16,28.26,33.8,34.4,28.26,109355,357429552.0,19.58,7.78,2.44,3.18
1264,2015-07-17,33.88,37.18,37.18,33.88,94773,342373808.0,9.76,10.0,3.38,2.76
1265,2015-07-20,38.4,39.15,39.95,36.64,117706,452811376.0,8.9,5.3,1.97,3.42
1266,2015-07-21,38.0,38.0,39.15,37.0,81348,311833760.0,5.49,-2.94,-1.15,2.36
1267,2015-09-21,34.2,34.2,34.2,34.2,3376,11545920.0,0.0,-10.0,-3.8,0.1
1268,2015-09-22,30.78,30.78,30.78,30.78,2383,7334874.0,0.0,-10.0,-3.42,0.07
1269,2015-09-23,27.7,27.7,27.7,27.7,6743,18678110.0,0.0,-10.01,-3.08,0.2
1270,2015-09-24,26.2,27.27,28.26,26.16,299918,803511664.0,7.58,-1.55,-0.43,8.72
1271,2015-09-25,26.51,24.62,26.91,24.54,227562,588048544.0,8.69,-9.72,-2.65,6.62
1272,2015-09-28,24.77,26.45,26.88,24.75,120653,312464224.0,8.65,7.43,1.83,3.51
1273,2015-09-29,25.79,25.59,26.74,25.0,98901,256387270.0,6.58,-3.25,-0.86,2.85
1274,2015-09-30,25.6,25.91,26.67,25.6,87002,227171421.0,4.18,1.25,0.32,2.51
1275,2015-10-08,27.12,28.5,28.5,27.12,166227,469681568.0,5.33,10.0,2.59,4.79
1276,2015-10-09,28.3,28.86,29.1,27.6,124104,351172400.0,5.26,1.26,0.36,3.58
1277,2015-10-12,29.1,28.73,31.75,27.94,375565,1107443664.0,13.2,-0.45,-0.13,10.83
1278,2015-10-13,28.5,30.38,30.67,28.15,210996,622492496.0,8.77,5.74,1.65,6.09
1279,2015-10-14,30.4,33.22,33.27,30.4,273706,865740864.0,9.45,9.35,2.84,7.89
1280,2015-10-15,32.45,33.52,33.85,32.02,199236,656961408.0,5.51,0.9,0.3,5.75
1281,2015-10-16,33.6,33.1,34.68,32.0,147199,488706528.0,8.0,-1.25,-0.42,4.25
1282,2015-10-19,32.9,32.64,34.45,32.1,127706,424666464.0,7.1,-1.39,-0.46,3.68
1283,2015-10-20,32.66,33.96,34.0,31.6,182429,590669696.0,7.35,4.04,1.32,5.26
1284,2015-10-21,33.61,30.56,33.7,30.56,197734,633496304.0,9.25,-10.01,-3.4,5.7
1285,2015-10-22,30.0,30.74,31.0,28.15,184236,553595056.0,9.33,0.59,0.18,5.31
1286,2015-10-23,30.8,30.43,30.93,29.6,149705,452407344.0,4.33,-1.01,-0.31,4.32
1287,2015-10-26,31.17,30.23,31.42,29.88,144556,440978416.0,5.06,-0.66,-0.2,4.17
1288,2015-10-27,30.0,30.83,31.15,28.8,134685,407902864.0,7.77,1.98,0.6,3.88
1289,2015-10-28,30.69,30.08,31.25,30.0,111547,342818064.0,4.05,-2.43,-0.75,3.22
1290,2015-10-29,30.08,29.3,30.65,28.83,101951,301622944.0,6.05,-2.59,-0.78,2.94
1291,2015-10-30,29.01,28.44,29.1,27.9,93500,266963285.0,4.1,-2.94,-0.86,2.7
1292,2015-11-02,27.89,28.0,28.98,27.21,86337,243511092.0,6.22,-1.55,-0.44,2.49
1293,2015-11-03,28.01,28.79,28.89,27.82,76147,216471931.0,3.82,2.82,0.79,2.2
1294,2015-11-04,28.87,30.32,30.44,28.87,107920,321728384.0,5.45,5.31,1.53,3.11
1295,2015-11-05,30.41,29.5,30.45,29.38,149242,444914384.0,3.53,-2.7,-0.82,4.3
1296,2015-11-06,29.74,30.58,30.69,29.57,123218,373175440.0,3.8,3.66,1.08,3.55
1297,2015-11-09,30.01,30.77,30.92,29.45,160399,485000688.0,4.81,0.62,0.19,4.63
1298,2015-11-10,30.9,31.41,31.8,30.55,187075,584594400.0,4.06,2.08,0.64,5.4
1299,2015-11-11,31.42,31.28,31.42,30.55,134039,414798848.0,2.77,-0.41,-0.13,3.87
1300,2015-11-12,31.28,32.51,33.0,31.01,206863,659900400.0,6.36,3.93,1.23,5.97
1301,2015-11-13,32.01,30.32,32.24,29.7,152553,473026576.0,7.81,-6.74,-2.19,4.4
1302,2015-11-16,29.5,30.32,30.4,28.91,101596,301920144.0,4.91,0.0,0.0,2.93
1303,2015-11-17,30.6,29.44,31.02,29.3,157391,477032624.0,5.67,-2.9,-0.88,4.54
1304,2015-11-18,29.48,29.1,29.97,29.01,78485,231735249.0,3.26,-1.15,-0.34,2.26
1305,2015-11-19,29.4,30.0,30.12,29.3,91652,272931008.0,2.82,3.09,0.9,2.64
1306,2015-11-20,30.3,30.74,31.2,30.2,162924,500587984.0,3.33,2.47,0.74,4.7
1307,2015-11-23,30.88,31.15,31.95,30.85,158409,495893088.0,3.58,1.33,0.41,4.57
1308,2015-11-24,30.98,31.72,31.84,30.3,125577,389323168.0,4.94,1.83,0.57,3.62
1309,2015-11-25,31.87,32.26,32.67,31.15,200010,640435088.0,4.79,1.7,0.54,5.77
1310,2015-11-26,32.61,31.17,32.87,31.17,151340,482122768.0,5.27,-3.38,-1.09,4.37
1311,2015-11-27,31.15,28.36,31.15,28.05,171789,511540368.0,9.95,-9.02,-2.81,4.95
1312,2015-11-30,28.3,26.85,28.43,25.53,221020,592216016.0,10.23,-5.32,-1.51,6.37
1313,2015-12-01,27.07,26.68,27.08,26.22,96791,258571267.0,3.2,-0.63,-0.17,2.79
1314,2015-12-02,26.8,26.95,27.13,26.0,85302,227908258.0,4.24,1.01,0.27,2.46
1315,2015-12-03,26.95,27.75,27.75,26.95,82668,226385576.0,2.97,2.97,0.8,2.38
1316,2015-12-04,27.68,27.12,27.69,26.9,82328,224748759.0,2.85,-2.27,-0.63,2.37
1317,2015-12-07,27.14,27.3,27.64,26.58,69671,189340851.0,3.91,0.66,0.18,2.01
1318,2015-12-08,27.29,26.16,27.29,26.1,84569,223899454.0,4.36,-4.18,-1.14,2.44
1319,2015-12-09,25.95,25.46,26.19,25.24,87759,224564729.0,3.63,-2.68,-0.7,2.53
1320,2015-12-10,25.43,25.82,26.26,25.25,76293,196782654.0,3.97,1.41,0.36,2.2
1321,2015-12-11,25.78,25.94,26.24,25.57,66169,172329588.0,2.59,0.46,0.12,1.91
1322,2015-12-14,25.69,26.56,26.56,25.5,94043,245650265.0,4.09,2.39,0.62,2.71
1323,2015-12-15,26.5,27.09,27.19,26.4,74269,199199264.0,2.97,2.0,0.53,2.14
1324,2015-12-16,27.1,27.02,27.36,26.83,80927,218880270.0,1.96,-0.26,-0.07,2.33
1325,2015-12-17,27.17,27.87,27.88,27.02,115772,318351232.0,3.18,3.15,0.85,3.34
1326,2015-12-18,27.91,27.39,28.18,27.3,94501,261350662.0,3.16,-1.72,-0.48,2.73
1327,2015-12-21,27.3,27.64,27.99,27.03,76385,211004170.0,3.5,0.91,0.25,2.2
1328,2015-12-22,27.7,28.28,28.29,27.4,96226,267792837.0,3.22,2.32,0.64,2.78
1329,2015-12-23,28.26,28.44,29.09,28.2,126702,363830256.0,3.15,0.57,0.16,3.65
1330,2015-12-24,28.2,29.4,29.45,28.0,130675,376186144.0,5.1,3.38,0.96,3.77
1331,2015-12-25,29.4,29.11,29.94,28.88,132538,387948960.0,3.61,-0.99,-0.29,3.82
1332,2015-12-28,29.19,28.37,30.19,28.35,125098,368429600.0,6.32,-2.54,-0.74,3.61
1333,2015-12-29,28.37,28.52,28.79,27.74,80556,226731305.0,3.7,0.53,0.15,2.32
1334,2015-12-30,28.8,29.8,31.26,28.58,188584,566100704.0,9.4,4.49,1.28,5.44
1335,2016-01-22,26.82,26.82,26.82,26.82,3311,8880102.0,0.0,-10.0,-2.98,0.1
1336,2016-01-25,24.53,24.59,25.16,24.14,273550,669230800.0,3.8,-8.31,-2.23,7.88
1337,2016-01-26,23.8,22.14,24.11,22.13,165484,380134192.0,8.05,-9.96,-2.45,4.77
1338,2016-01-27,21.9,19.96,22.13,19.93,187334,381010640.0,9.94,-9.85,-2.18,5.39
1339,2016-01-28,19.6,17.96,19.68,17.96,151502,287677312.0,8.62,-10.02,-2.0,4.36
1340,2016-01-29,17.9,19.05,19.5,17.7,128880,241378001.0,10.02,6.07,1.09,3.49
1341,2016-02-01,18.9,19.44,19.96,18.72,108362,210146316.0,6.51,2.05,0.39,2.94
1342,2016-02-02,19.06,20.24,20.89,19.06,96227,195088999.0,9.41,4.12,0.8,2.61
1343,2016-02-03,20.02,20.35,20.59,19.52,62259,125378459.0,5.29,0.54,0.11,1.69
1344,2016-02-04,20.45,20.68,20.94,20.32,71524,147885804.0,3.05,1.62,0.33,1.94
1345,2016-02-05,20.69,20.0,20.9,19.95,55349,113083251.0,4.59,-3.29,-0.68,1.5
1346,2016-02-15,19.22,20.16,20.39,18.98,51596,101595607.0,7.05,0.8,0.16,1.4
1347,2016-02-16,20.26,21.48,21.51,20.26,104796,219780618.0,6.2,6.55,1.32,2.84
1348,2016-02-17,21.47,21.42,21.7,20.94,69010,147315340.0,3.54,-0.28,-0.06,1.87
1349,2016-02-18,21.8,21.01,21.91,20.98,64785,137844133.0,4.34,-1.91,-0.41,1.76
1350,2016-02-19,21.01,21.0,21.3,20.81,51854,109144163.0,2.33,-0.05,-0.01,1.4
1351,2016-02-22,21.4,21.66,22.1,21.36,94934,206050675.0,3.52,3.14,0.66,2.57
1352,2016-02-23,21.5,21.07,21.8,20.76,69032,146039347.0,4.8,-2.72,-0.59,1.87
1353,2016-02-24,21.03,20.41,21.28,19.82,81348,166079128.0,6.93,-3.13,-0.66,2.2
1354,2016-02-25,20.46,18.37,20.66,18.37,97921,188616708.0,11.22,-10.0,-2.04,2.65
1355,2016-02-26,18.65,17.91,18.68,17.35,86446,155870567.0,7.24,-2.5,-0.46,2.34
1356,2016-02-29,17.8,16.3,17.8,16.12,117984,195141870.0,9.38,-8.99,-1.61,3.2
1357,2016-03-01,16.66,16.94,17.09,16.3,93543,155863786.0,4.85,3.93,0.64,2.53
1358,2016-03-02,17.04,18.1,18.26,16.72,93569,163754858.0,9.09,6.85,1.16,2.53
1359,2016-03-03,18.06,18.1,18.75,17.95,116199,213836364.0,4.42,0.0,0.0,3.15
1360,2016-03-04,18.12,17.12,18.28,16.8,77781,136113863.0,8.18,-5.41,-0.98,2.11
1361,2016-03-07,17.35,17.45,18.19,17.35,64512,114571400.0,4.91,1.93,0.33,1.75
1362,2016-03-08,17.51,17.93,17.94,16.41,68295,117197614.0,8.77,2.75,0.48,1.85
1363,2016-03-09,17.34,17.51,17.88,17.06,54452,95910092.0,4.57,-2.34,-0.42,1.48
1364,2016-03-10,17.54,17.27,17.78,17.23,43030,75115118.0,3.14,-1.37,-0.24,1.17
1365,2016-03-11,17.5,17.75,17.97,17.03,68340,120507452.0,5.44,2.78,0.48,1.85
1366,2016-03-14,18.1,18.4,18.76,18.09,95089,175617047.0,3.77,3.66,0.65,2.58
1367,2016-03-15,18.25,18.34,18.47,18.01,69104,125772552.0,2.5,-0.33,-0.06,1.87
1368,2016-03-16,18.65,18.2,18.9,18.2,67270,124404332.0,3.82,-0.76,-0.14,1.82
1369,2016-03-17,18.2,19.04,19.09,18.2,87247,163137367.0,4.89,4.62,0.84,2.36
1370,2016-03-18,19.16,19.92,20.0,19.16,108971,214859935.0,4.41,4.62,0.88,2.95
1371,2016-03-21,20.31,20.25,20.48,19.78,122528,246018080.0,3.51,1.66,0.33,3.32
1372,2016-03-22,19.97,20.1,20.39,19.8,92632,186779845.0,2.91,-0.74,-0.15,2.51
1373,2016-03-23,19.66,20.2,20.34,19.66,73899,148133741.0,3.38,0.5,0.1,2.0
1374,2016-03-24,20.18,20.27,21.17,19.69,123024,252078931.0,7.33,0.35,0.07,3.33
1375,2016-03-25,20.13,20.05,20.41,19.76,64234,128616800.0,3.21,-1.09,-0.22,1.74
1376,2016-03-28,20.2,19.43,20.55,19.33,99185,198201621.0,6.08,-3.09,-0.62,2.69
1377,2016-03-29,19.24,18.43,19.47,18.26,122004,227644710.0,6.23,-5.15,-1.0,3.31
1378,2016-03-30,18.6,19.2,19.24,18.43,103719,194882011.0,4.4,4.18,0.77,2.81
1379,2016-03-31,19.39,19.76,20.22,19.21,144124,286126656.0,5.26,2.92,0.56,3.9
1380,2016-04-01,19.85,19.5,20.14,19.23,86269,168680583.0,4.61,-1.32,-0.26,2.34
1381,2016-04-05,19.58,20.7,20.84,19.36,123202,249539748.0,7.59,6.15,1.2,3.34
1382,2016-04-06,20.51,20.9,21.16,20.32,131512,271272240.0,4.06,0.97,0.2,3.56
1383,2016-04-07,21.22,21.59,22.3,20.71,200863,433838208.0,7.61,3.3,0.69,5.44
1384,2016-04-08,21.25,20.99,21.37,20.43,133378,279441280.0,4.35,-2.78,-0.6,3.61
1385,2016-04-11,20.62,21.15,21.6,20.35,207498,436301728.0,5.96,0.76,0.16,5.62
1386,2016-04-12,21.0,20.53,21.0,20.33,106730,219699646.0,3.17,-2.93,-0.62,2.89
1387,2016-04-13,20.79,21.09,21.54,20.6,171037,362240272.0,4.58,2.73,0.56,4.63
1388,2016-04-14,21.2,21.52,21.66,21.15,118296,252865454.0,2.42,2.04,0.43,3.2
1389,2016-04-15,21.6,22.83,23.16,21.51,211013,472758720.0,7.67,6.09,1.31,5.72
1390,2016-04-18,22.1,22.03,22.35,21.53,131000,286560192.0,3.59,-3.5,-0.8,3.55
1391,2016-04-19,22.02,21.76,22.18,21.56,86460,188829054.0,2.81,-1.23,-0.27,2.34
1392,2016-04-20,21.8,19.9,21.8,19.58,157003,320361072.0,10.2,-8.55,-1.86,4.25
1393,2016-04-21,19.87,19.23,19.98,19.1,71337,140265009.0,4.42,-3.37,-0.67,1.93
1394,2016-04-22,18.9,19.52,19.62,18.73,107147,205270989.0,4.63,1.51,0.29,2.9
1395,2016-04-25,19.25,18.55,19.25,18.55,85428,161519354.0,3.59,-4.97,-0.97,2.31
1396,2016-04-26,18.35,18.78,18.89,18.01,89245,165584860.0,4.74,1.24,0.23,2.42
1397,2016-04-27,18.73,18.31,18.73,18.2,126023,232084558.0,2.82,-2.5,-0.47,3.41
1398,2016-04-28,18.15,18.1,18.38,17.42,147796,264020000.0,5.24,-1.15,-0.21,4.0
1399,2016-04-29,17.92,18.42,18.56,17.9,107910,198423645.0,3.65,1.77,0.32,2.92
1400,2016-05-03,18.52,20.26,20.26,18.33,184457,359369888.0,10.48,9.99,1.84,5.0
1401,2016-05-04,20.16,20.62,21.48,20.06,205922,430251824.0,7.01,1.78,0.36,5.58
1402,2016-05-05,21.03,20.97,21.44,20.52,139137,291414736.0,4.46,1.7,0.35,3.77
1403,2016-05-06,21.16,20.36,21.18,20.03,105450,216770601.0,5.48,-2.91,-0.61,2.86
1404,2016-05-09,20.0,19.56,20.23,19.5,64605,128072109.0,3.59,-3.93,-0.8,1.75
1405,2016-05-10,19.36,20.69,20.69,19.36,102318,207397167.0,6.8,5.78,1.13,2.77
1406,2016-05-11,20.8,20.7,21.2,19.9,115722,239057055.0,6.28,0.05,0.01,3.13
1407,2016-05-12,20.03,21.92,22.17,20.02,154355,330436304.0,10.39,5.89,1.22,4.18
1408,2016-05-13,22.0,21.76,22.32,21.22,115202,251937299.0,5.02,-0.73,-0.16,3.12
1409,2016-05-16,21.48,22.5,22.65,21.0,160443,349562016.0,7.58,3.4,0.74,4.35
1410,2016-05-17,22.52,22.57,23.46,22.23,179750,410797280.0,5.47,0.31,0.07,4.87
1411,2016-05-18,22.31,21.63,22.8,21.53,87027,191292907.0,5.63,-4.16,-0.94,2.36
1412,2016-05-19,21.38,21.44,21.97,21.31,96758,209649106.0,3.05,-0.88,-0.19,2.62
1413,2016-05-20,21.2,22.57,22.6,20.7,119492,259972859.0,8.86,5.27,1.13,3.24
1414,2016-05-23,22.58,23.52,24.08,22.45,119701,282543296.0,7.22,4.21,0.95,3.24
1415,2016-05-24,23.4,23.35,24.15,22.99,77179,180487386.0,4.93,-0.72,-0.17,2.09
1416,2016-05-25,23.38,22.54,23.69,22.5,90265,207134838.0,5.1,-3.47,-0.81,2.45
1417,2016-05-26,22.3,23.86,23.99,21.88,89173,204032315.0,9.36,5.86,1.32,2.42
1418,2016-05-27,23.57,23.35,24.02,23.35,68633,162599280.0,2.81,-2.14,-0.51,1.86
1419,2016-05-30,23.0,23.18,24.16,22.6,85787,203329651.0,6.68,-0.73,-0.17,2.32
1420,2016-05-31,23.55,23.86,24.08,23.18,134656,318304576.0,3.88,2.93,0.68,3.65
1421,2016-06-01,23.78,24.3,24.85,23.52,136518,332877712.0,5.57,1.84,0.44,3.7
1422,2016-06-02,24.2,24.48,25.06,23.94,111726,274196848.0,4.61,0.74,0.18,3.03
1423,2016-06-03,24.48,24.22,24.8,24.07,91073,222933614.0,2.98,-1.06,-0.26,2.47
1424,2016-06-06,24.52,23.69,24.56,23.08,106222,251431975.0,6.11,-2.19,-0.53,2.88
1425,2016-06-07,23.69,23.6,23.79,23.3,45124,106300193.0,2.07,-0.38,-0.09,1.22
1426,2016-06-08,23.62,23.4,23.7,23.01,59795,139961073.0,2.92,-0.85,-0.2,1.62
1427,2016-06-13,23.3,22.3,23.94,22.3,99316,231652075.0,7.01,-4.7,-1.1,2.69
1428,2016-06-14,22.28,22.7,22.7,21.29,75702,166809171.0,6.32,1.79,0.4,2.05
1429,2016-06-15,22.07,23.35,23.66,22.07,92278,214910133.0,7.0,2.86,0.65,2.5
1430,2016-06-16,23.1,22.27,23.57,22.1,168581,382923632.0,6.3,-4.63,-1.08,4.57
1431,2016-06-17,22.39,22.19,22.59,21.98,98451,218471741.0,2.74,-0.36,-0.08,2.67
1432,2016-06-20,22.1,22.12,22.85,21.97,61102,135835799.0,3.97,-0.32,-0.07,1.65
1433,2016-06-21,22.31,22.12,22.56,21.9,80511,179423897.0,2.98,0.0,0.0,2.17
1434,2016-06-22,22.18,22.5,22.55,22.01,45746,102064870.0,2.44,1.72,0.38,1.23
1435,2016-06-23,22.7,22.78,23.39,22.51,101024,232403458.0,3.91,1.24,0.28,2.72
1436,2016-06-24,22.7,22.65,22.97,21.57,75219,168806557.0,6.15,-0.57,-0.13,2.03
1437,2016-06-27,22.25,23.31,23.34,21.97,128234,290113776.0,6.05,2.91,0.66,3.45
1438,2016-06-28,23.07,23.32,23.63,22.6,104877,242232517.0,4.42,0.04,0.01,2.83
1439,2016-06-29,23.39,23.72,24.17,23.25,116426,275864448.0,3.95,1.72,0.4,3.14
1440,2016-06-30,23.9,23.47,24.21,23.33,97901,233000723.0,3.71,-1.05,-0.25,2.64
1441,2016-07-01,23.23,23.32,23.85,23.23,46974,110370106.0,2.64,-0.64,-0.15,1.27
1442,2016-07-04,23.16,23.44,23.65,22.95,88830,207747116.0,3.0,0.51,0.12,2.4
1443,2016-07-05,23.58,22.51,23.58,22.31,163174,371076240.0,5.42,-3.97,-0.93,4.4
1444,2016-07-06,22.23,22.5,22.8,22.22,62661,140737163.0,2.58,-0.04,-0.01,1.69
1445,2016-07-07,22.32,22.13,22.43,21.95,83143,183869026.0,2.13,-1.64,-0.37,2.24
1446,2016-07-08,22.13,22.16,22.37,22.01,62428,138670761.0,1.63,0.14,0.03,1.68
1447,2016-07-11,22.08,22.07,22.3,22.04,53372,118129922.0,1.17,-0.41,-0.09,1.44
1448,2016-07-12,22.01,21.9,22.18,21.4,82833,180334903.0,3.53,-0.77,-0.17,2.24
1449,2016-07-13,21.88,21.97,22.04,21.61,77943,170028360.0,1.96,0.32,0.07,2.1
1450,2016-07-14,21.97,21.6,21.99,21.44,67391,146301957.0,2.5,-1.68,-0.37,1.82
1451,2016-07-15,21.54,21.64,21.78,21.38,49876,107390862.0,1.85,0.19,0.04,1.35
1452,2016-07-18,21.6,22.18,22.27,21.45,93821,206754644.0,3.79,2.5,0.54,2.53
1453,2016-07-19,22.24,22.16,22.25,21.86,48972,108195532.0,1.76,-0.09,-0.02,1.32
1454,2016-07-20,22.15,21.88,22.22,21.83,34461,75826302.0,1.76,-1.26,-0.28,0.93
1455,2016-07-21,21.98,22.17,22.47,21.98,79901,178203935.0,2.24,1.33,0.29,2.16
1456,2016-07-22,22.17,21.79,22.18,21.68,47420,103574315.0,2.26,-1.71,-0.38,1.28
1457,2016-07-25,21.79,21.07,21.79,21.04,68735,147377641.0,3.44,-3.3,-0.72,1.85
1458,2016-07-26,21.07,21.4,21.52,21.07,46992,100266836.0,2.14,1.57,0.33,1.27
1459,2016-07-27,21.46,20.57,21.49,20.04,70926,147112499.0,6.78,-3.88,-0.83,1.91
1460,2016-07-28,20.57,20.57,20.67,19.96,58858,119561424.0,3.45,0.0,0.0,1.59
1461,2016-07-29,20.59,20.99,21.11,20.3,57012,118689631.0,3.94,2.04,0.42,1.54
1462,2016-08-01,20.99,20.44,21.12,20.4,36451,74813566.0,3.43,-2.62,-0.55,0.98
1463,2016-08-02,20.22,20.64,20.71,20.22,19206,39536972.0,2.4,0.98,0.2,0.52
1464,2016-08-03,20.6,20.48,20.66,20.4,19870,40810192.0,1.26,-0.78,-0.16,0.54
1465,2016-08-04,20.53,20.71,20.81,20.42,22558,46507258.0,1.9,1.12,0.23,0.61
1466,2016-08-05,20.79,20.74,20.83,20.61,22607,46898352.0,1.06,0.14,0.03,0.61
1467,2016-08-08,20.8,21.07,21.12,20.48,24392,50924370.0,3.09,1.59,0.33,0.66
1468,2016-08-09,21.07,21.36,21.53,20.93,37238,79535450.0,2.85,1.38,0.29,1.0
1469,2016-08-10,21.42,21.12,21.5,21.05,22450,47655277.0,2.11,-1.12,-0.24,0.61
1470,2016-08-11,21.02,20.85,21.45,20.85,18802,39561796.0,2.84,-1.28,-0.27,0.51
1471,2016-08-12,20.81,20.76,20.94,20.4,28944,59646651.0,2.59,-0.43,-0.09,0.78
1472,2016-08-15,20.76,20.98,21.1,20.33,74688,155296381.0,3.71,1.06,0.22,2.02
1473,2016-08-16,20.93,20.78,20.95,20.74,43330,90259067.0,1.0,-0.95,-0.2,1.17
1474,2016-08-17,20.78,20.69,20.94,20.64,33441,69387797.0,1.44,-0.43,-0.09,0.9
1475,2016-08-18,20.69,20.18,20.77,20.08,87542,178151962.0,3.33,-2.46,-0.51,2.36
1476,2016-08-19,20.17,20.42,20.48,20.01,52018,105270575.0,2.33,1.19,0.24,1.4
1477,2016-08-22,20.25,20.34,20.69,20.24,55296,112914989.0,2.2,-0.39,-0.08,1.49
1478,2016-08-23,20.18,20.03,20.43,20.0,56226,113239971.0,2.11,-1.52,-0.31,1.52
1479,2016-08-24,20.04,20.2,20.36,20.04,40042,80943291.0,1.6,0.85,0.17,1.08
1480,2016-08-25,20.1,20.48,20.62,20.0,79699,161452060.0,3.07,1.39,0.28,2.15
1481,2016-08-26,20.57,20.18,20.57,20.16,53568,108887226.0,2.0,-1.46,-0.3,1.44
1482,2016-08-29,20.13,20.16,20.23,20.0,34342,69130319.0,1.14,-0.1,-0.02,0.93
1483,2016-08-30,20.16,20.21,20.42,20.1,38585,77929022.0,1.59,0.25,0.05,1.04
1484,2016-08-31,20.2,19.29,20.21,19.1,160184,311672160.0,5.49,-4.55,-0.92,4.32
1485,2016-09-01,19.3,19.16,19.37,19.12,38381,73744602.0,1.3,-0.67,-0.13,1.04
1486,2016-09-02,19.2,18.94,19.22,18.72,54472,103124435.0,2.61,-1.15,-0.22,1.47
1487,2016-09-05,18.95,19.03,19.12,18.86,34629,65827227.0,1.37,0.48,0.09,0.93
1488,2016-09-06,19.01,19.35,19.42,18.85,48382,92642831.0,3.0,1.68,0.32,1.31
1489,2016-09-07,19.42,19.15,19.44,19.12,46301,89263467.0,1.65,-1.03,-0.2,1.25
1490,2016-09-08,19.06,19.86,19.88,19.06,102990,202595406.0,4.28,3.71,0.71,2.78
1491,2016-09-09,20.11,21.85,21.85,20.11,215114,454470336.0,8.76,10.02,1.99,5.8
1492,2016-09-12,21.4,21.32,21.4,20.69,247624,522405968.0,3.25,-2.43,-0.53,6.63
1493,2016-09-13,21.32,21.12,21.78,20.86,164711,351042144.0,4.32,-0.94,-0.2,4.41
1494,2016-09-14,20.76,20.64,20.95,20.27,85163,175481590.0,3.22,-2.27,-0.48,2.28
1495,2016-09-19,20.72,20.96,20.96,20.57,87047,180949126.0,1.89,1.55,0.32,2.33
1496,2016-09-20,21.0,20.68,21.14,20.55,73770,153487410.0,2.81,-1.34,-0.28,1.97
1497,2016-09-21,20.58,20.75,20.8,20.3,76131,156358853.0,2.42,0.34,0.07,2.04
1498,2016-09-22,20.8,20.45,20.98,20.4,66590,137449618.0,2.8,-1.45,-0.3,1.78
1499,2016-09-23,20.3,20.43,20.77,20.3,51600,106103828.0,2.3,-0.1,-0.02,1.38
1500,2016-09-26,20.48,19.27,20.5,19.26,86954,172062685.0,6.07,-5.68,-1.16,2.33
1501,2016-09-27,19.06,19.39,19.44,19.03,51247,98494475.0,2.13,0.62,0.12,1.37
1502,2016-09-28,19.3,19.25,19.37,19.15,38468,74052911.0,1.13,-0.72,-0.14,1.03
1503,2016-09-29,19.22,19.26,19.37,19.22,26444,51074373.0,0.78,0.05,0.01,0.71
1504,2016-09-30,19.46,19.49,19.56,19.19,32853,63681425.0,1.92,1.19,0.23,0.88
1505,2016-10-10,19.78,20.25,20.3,19.56,52544,104962010.0,3.8,3.9,0.76,1.41
1506,2016-10-11,20.45,20.07,20.45,20.01,46337,93405270.0,2.17,-0.89,-0.18,1.24
1507,2016-10-12,20.0,20.18,20.24,19.9,34295,69025403.0,1.69,0.55,0.11,0.92
1508,2016-10-13,20.1,19.98,20.18,19.91,35972,71995423.0,1.34,-0.99,-0.2,0.96
1509,2016-10-14,20.05,20.36,20.5,19.99,81152,165150955.0,2.55,1.9,0.38,2.17
1510,2016-10-17,20.31,20.05,20.31,19.9,37043,74514297.0,2.01,-1.52,-0.31,0.99
1511,2016-10-18,20.03,20.77,21.0,20.01,89949,186136902.0,4.94,3.59,0.72,2.41
1512,2016-10-19,20.81,20.73,21.22,20.61,66245,138371456.0,2.94,-0.19,-0.04,1.77
1513,2016-10-20,20.61,20.79,21.18,20.6,42047,87639365.0,2.8,0.29,0.06,1.13
1514,2016-10-21,20.82,21.33,21.38,20.67,129017,273219968.0,3.42,2.6,0.54,3.45
1515,2016-10-24,21.35,21.5,22.0,21.35,129823,282283984.0,3.05,0.8,0.17,3.47
1516,2016-10-25,21.5,21.45,21.9,21.41,69021,149437723.0,2.28,-0.23,-0.05,1.85
1517,2016-10-26,21.45,21.39,21.5,21.0,50895,107959668.0,2.33,-0.28,-0.06,1.36
1518,2016-10-27,21.22,21.04,21.33,20.9,40958,86095265.0,2.01,-1.64,-0.35,1.1
1519,2016-10-28,21.1,20.73,21.16,20.68,29610,61797427.0,2.28,-1.47,-0.31,0.79
1520,2016-10-31,20.7,20.57,20.73,20.41,46974,96505127.0,1.54,-0.77,-0.16,1.26
1521,2016-11-01,20.59,20.92,21.0,20.59,31502,65695091.0,1.99,1.7,0.35,0.84
1522,2016-11-02,20.81,20.53,20.96,20.49,30774,63375229.0,2.25,-1.86,-0.39,0.82
1523,2016-11-03,20.5,20.85,21.21,20.43,59316,123473622.0,3.8,1.56,0.32,1.59
1524,2016-11-04,20.81,20.73,21.05,20.48,38645,80114896.0,2.73,-0.58,-0.12,1.03
1525,2016-11-07,20.72,20.77,20.98,20.53,32354,67284927.0,2.17,0.19,0.04,0.87
1526,2016-11-08,20.82,20.96,20.97,20.57,42006,87523000.0,1.93,0.91,0.19,1.12
1527,2016-11-09,20.89,20.85,21.19,20.49,42025,87656708.0,3.34,-0.52,-0.11,1.12
1528,2016-11-10,20.91,21.01,21.06,20.83,42324,88681166.0,1.1,0.77,0.16,1.13
1529,2016-11-11,21.01,21.54,21.54,20.83,76278,162613018.0,3.38,2.52,0.53,2.03
1530,2016-11-14,21.4,21.83,22.2,21.33,109273,239268733.0,4.04,1.35,0.29,2.91
1531,2016-11-15,21.98,21.72,22.13,21.41,69747,151249081.0,3.3,-0.5,-0.11,1.86
1532,2016-11-16,21.92,21.33,21.92,21.33,48541,104881042.0,2.72,-1.8,-0.39,1.29
1533,2016-11-17,21.33,21.34,21.49,21.11,33887,72127731.0,1.78,0.05,0.01,0.9
1534,2016-11-18,21.49,21.6,21.68,21.21,46418,99627928.0,2.2,1.22,0.26,1.24
1535,2016-11-21,21.96,22.51,23.59,21.91,162463,367219168.0,7.78,4.21,0.91,4.33
1536,2016-11-22,22.7,22.91,23.2,22.69,136639,313738864.0,2.27,1.78,0.4,3.64
1537,2016-11-23,22.9,22.8,23.47,22.61,85372,196449718.0,3.75,-0.48,-0.11,2.28
1538,2016-11-24,22.8,22.6,22.91,22.33,62066,140436095.0,2.54,-0.88,-0.2,1.66
1539,2016-11-25,22.82,22.72,22.82,22.01,46487,104238834.0,3.58,0.53,0.12,1.24
1540,2016-11-28,22.82,22.8,22.98,22.38,56618,128723591.0,2.64,0.35,0.08,1.51
1541,2016-11-29,22.9,22.44,22.97,22.36,43358,97629147.0,2.68,-1.58,-0.36,1.16
1542,2016-11-30,22.25,21.91,22.34,21.82,58546,128885572.0,2.32,-2.36,-0.53,1.56
1543,2016-12-01,21.94,21.9,22.1,21.56,46201,100669666.0,2.46,-0.05,-0.01,1.23
1544,2016-12-02,21.85,21.79,22.02,21.56,38627,84172414.0,2.1,-0.5,-0.11,1.03
1545,2016-12-05,21.79,21.84,22.18,21.55,30988,67609950.0,2.89,0.23,0.05,0.83
1546,2016-12-06,21.83,21.78,22.01,21.6,39189,85070980.0,1.88,-0.27,-0.06,1.05
1547,2016-12-07,21.76,21.79,21.9,21.4,36316,78642537.0,2.3,0.05,0.01,0.97
1548,2016-12-08,21.9,21.46,21.9,21.18,43788,94038098.0,3.3,-1.51,-0.33,1.17
1549,2016-12-09,21.46,21.15,21.47,20.85,54883,115777407.0,2.89,-1.44,-0.31,1.46
1550,2016-12-12,21.0,20.41,21.1,19.8,73518,150077721.0,6.15,-3.5,-0.74,1.96
1551,2016-12-13,20.1,20.08,20.28,19.88,41785,83789949.0,1.96,-1.62,-0.33,1.11
1552,2016-12-14,19.97,19.98,20.2,19.9,35543,71240525.0,1.49,-0.5,-0.1,0.95
1553,2016-12-15,19.78,20.14,20.23,19.77,38167,76279010.0,2.3,0.8,0.16,1.02
1554,2016-12-16,20.14,20.21,20.27,20.01,22727,45796433.0,1.29,0.35,0.07,0.61
1555,2016-12-19,20.19,19.96,20.23,19.83,23378,46680393.0,1.98,-1.24,-0.25,0.62
1556,2016-12-20,19.98,20.04,20.1,19.74,27677,55099011.0,1.8,0.4,0.08,0.74
1557,2016-12-21,20.06,20.5,20.58,20.06,38827,79143250.0,2.59,2.3,0.46,1.04
1558,2016-12-22,20.44,20.4,20.5,20.21,20458,41527779.0,1.41,-0.49,-0.1,0.55
1559,2016-12-23,20.43,20.48,20.65,20.27,26299,53830795.0,1.86,0.39,0.08,0.7
1560,2016-12-26,20.48,20.5,20.5,20.0,28674,57932497.0,2.44,0.1,0.02,0.76
1561,2016-12-27,20.4,20.56,20.66,20.31,25177,51569241.0,1.71,0.29,0.06,0.67
1562,2016-12-28,20.56,20.58,20.7,20.4,22499,46212175.0,1.46,0.1,0.02,0.6
1563,2016-12-29,20.46,20.52,20.81,20.4,28767,59168702.0,1.99,-0.29,-0.06,0.77
1564,2016-12-30,20.42,20.72,20.89,20.41,36001,74472087.0,2.34,0.97,0.2,0.96
1565,2017-01-03,20.74,20.9,20.91,20.51,28467,58888989.0,1.93,0.87,0.18,0.71
1566,2017-01-04,20.92,20.96,21.03,20.79,30028,62778825.0,1.15,0.29,0.06,0.75
1567,2017-01-05,20.9,20.7,21.0,20.53,47559,98513062.0,2.24,-1.24,-0.26,1.18
1568,2017-01-06,20.69,20.6,20.78,20.51,26063,53660031.0,1.3,-0.48,-0.1,0.65
1569,2017-01-09,20.6,20.58,20.65,20.36,17645,36119275.0,1.41,-0.1,-0.02,0.44
1570,2017-01-10,20.46,20.57,20.65,20.3,20057,41059978.0,1.7,-0.05,-0.01,0.5
1571,2017-01-11,20.45,20.41,20.6,20.3,14866,30455676.0,1.46,-0.78,-0.16,0.37
1572,2017-01-12,20.39,20.41,20.49,20.16,13639,27728960.0,1.62,0.0,0.0,0.34
1573,2017-01-13,20.3,20.0,20.38,19.99,17188,34609741.0,1.91,-2.01,-0.41,0.43
1574,2017-01-16,19.92,19.24,19.92,18.8,35995,69686506.0,5.6,-3.8,-0.76,0.89
1575,2017-01-17,19.24,19.46,19.68,18.9,24124,46383768.0,4.05,1.14,0.22,0.6
1576,2017-01-18,19.44,19.15,19.44,19.09,13532,25980687.0,1.8,-1.59,-0.31,0.34
1577,2017-01-19,19.15,19.27,19.5,19.03,8714,16809969.0,2.45,0.63,0.12,0.22
1578,2017-01-20,19.15,19.45,19.63,19.1,23946,46562142.0,2.75,0.93,0.18,0.59
1579,2017-01-23,19.41,19.65,19.68,19.41,17818,34887306.0,1.39,1.03,0.2,0.44
1580,2017-01-24,19.51,19.41,19.65,19.33,6752,13142491.0,1.63,-1.22,-0.24,0.17
1581,2017-01-25,19.34,19.32,19.56,19.28,7688,14878725.0,1.44,-0.46,-0.09,0.19
1582,2017-01-26,19.33,19.81,19.84,19.33,10706,21059492.0,2.64,2.54,0.49,0.27
1583,2017-02-03,19.78,19.65,19.81,19.43,12016,23443529.0,1.92,-0.81,-0.16,0.3
1584,2017-02-06,19.65,19.59,19.66,19.45,20244,39594806.0,1.07,-0.31,-0.06,0.5
1585,2017-02-07,19.51,19.24,19.56,19.03,39796,76471609.0,2.71,-1.79,-0.35,0.99
1586,2017-02-08,19.14,19.14,19.22,18.89,37912,72223431.0,1.72,-0.52,-0.1,0.94
1587,2017-02-09,19.14,19.35,19.37,19.06,53577,102948565.0,1.62,1.1,0.21,1.33
1588,2017-02-10,19.38,19.33,19.52,19.28,40588,78726354.0,1.24,-0.1,-0.02,1.01
1589,2017-02-13,19.33,19.51,19.64,18.96,49758,96120598.0,3.52,0.93,0.18,1.23
1590,2017-02-14,19.51,19.99,20.09,19.41,46360,92071768.0,3.49,2.46,0.48,1.15
1591,2017-02-15,20.05,19.75,20.11,19.63,38020,75613765.0,2.4,-1.2,-0.24,0.94
1592,2017-02-16,19.75,19.76,19.87,19.58,13732,27106898.0,1.47,0.05,0.01,0.34
1593,2017-02-17,19.76,19.44,19.76,19.36,19125,37345704.0,2.02,-1.62,-0.32,0.47
1594,2017-02-20,19.41,19.31,19.49,19.05,37449,71876393.0,2.26,-0.67,-0.13,0.93
1595,2017-02-21,19.3,19.38,19.4,19.15,24442,47172130.0,1.29,0.36,0.07,0.61
1596,2017-02-22,19.37,19.24,19.37,19.09,38169,73336086.0,1.44,-0.72,-0.14,0.95
1597,2017-02-23,19.19,19.11,19.24,18.92,41825,79610880.0,1.66,-0.68,-0.13,1.04
1598,2017-02-24,19.11,19.21,19.24,19.1,27774,53270005.0,0.73,0.52,0.1,0.69
1599,2017-02-27,19.21,19.35,19.43,19.08,28781,55639417.0,1.82,0.73,0.14,0.71
1600,2017-02-28,19.28,19.35,19.37,19.15,21155,40730966.0,1.14,0.0,0.0,0.52
1601,2017-03-01,19.35,19.25,19.35,19.22,15145,29217756.0,0.67,-0.52,-0.1,0.38
1602,2017-03-02,19.25,19.18,19.33,19.12,13416,25734794.0,1.09,-0.36,-0.07,0.33
1603,2017-03-03,19.1,19.21,19.29,19.09,16813,32317940.0,1.04,0.16,0.03,0.42
1604,2017-03-06,19.27,19.45,19.54,19.16,33680,65429455.0,1.98,1.25,0.24,0.84
1605,2017-03-07,19.52,19.47,19.63,19.4,28909,56411165.0,1.18,0.1,0.02,0.72
1606,2017-03-08,19.5,19.49,19.62,19.36,18148,35372731.0,1.34,0.1,0.02,0.45
1607,2017-03-09,19.52,19.39,19.52,19.15,17201,33156234.0,1.9,-0.51,-0.1,0.43
1608,2017-03-10,19.38,19.24,19.42,19.22,13621,26322758.0,1.03,-0.77,-0.15,0.34
1609,2017-03-13,19.25,19.2,19.3,18.95,33093,63253183.0,1.82,-0.21,-0.04,0.82
1610,2017-03-14,19.16,19.05,19.27,19.0,23587,45111706.0,1.41,-0.78,-0.15,0.59
1611,2017-03-15,19.01,19.35,19.57,19.01,49856,96615144.0,2.94,1.57,0.3,1.24
1612,2017-03-16,19.28,19.58,19.65,19.24,45201,87754577.0,2.12,1.19,0.23,1.12
1613,2017-03-17,19.57,19.47,19.89,19.42,46380,91228280.0,2.4,-0.56,-0.11,1.15
1614,2017-03-20,19.46,19.5,19.5,19.17,21769,42024466.0,1.69,0.15,0.03,0.54
1615,2017-03-21,19.34,19.6,19.64,19.3,39288,76573027.0,1.74,0.51,0.1,0.97
1616,2017-03-22,19.54,19.4,19.62,19.31,19548,38038690.0,1.58,-1.02,-0.2,0.48
1617,2017-03-23,19.36,19.52,19.59,19.22,22160,43108066.0,1.91,0.62,0.12,0.55
1618,2017-03-24,19.55,19.71,19.92,19.3,47651,93566650.0,3.18,0.97,0.19,1.18
1619,2017-03-27,19.68,19.4,19.69,19.4,28078,54753052.0,1.47,-1.57,-0.31,0.7
1620,2017-03-28,19.36,19.36,19.38,19.09,37106,71326655.0,1.49,-0.21,-0.04,0.92
1621,2017-03-29,19.25,19.15,19.35,19.06,32710,62607045.0,1.5,-1.08,-0.21,0.81
1622,2017-03-30,19.13,19.15,19.44,19.07,33111,63556469.0,1.93,0.0,0.0,0.82
1623,2017-03-31,19.27,19.2,19.32,19.02,20108,38458614.0,1.57,0.26,0.05,0.5
1624,2017-04-05,19.76,19.45,19.78,19.38,63010,123374466.0,2.08,1.3,0.25,1.56
1625,2017-04-06,19.47,21.4,21.4,19.38,171637,361893952.0,10.39,10.03,1.95,4.26
1626,2017-04-07,22.2,22.15,22.96,21.15,591623,1295822448.0,8.46,3.5,0.75,14.68
1627,2017-04-10,21.72,22.25,22.95,21.54,510626,1144360048.0,6.37,0.45,0.1,12.67
1628,2017-04-11,22.45,22.02,23.3,21.45,428232,958367312.0,8.31,-1.03,-0.23,10.62
1629,2017-04-12,21.3,20.28,21.4,20.22,309615,643749392.0,5.36,-7.9,-1.74,7.68
1630,2017-04-13,20.31,20.99,21.99,20.31,229296,482124624.0,8.28,3.5,0.71,5.69
1631,2017-04-14,21.0,21.51,21.69,20.58,212162,448802320.0,5.29,2.48,0.52,5.26
1632,2017-04-17,21.06,20.64,21.28,20.51,107919,224917671.0,3.58,-4.04,-0.87,2.68
1633,2017-04-18,20.99,20.86,22.7,20.81,159444,340907120.0,9.16,1.07,0.22,3.96
1634,2017-04-19,21.15,20.69,21.4,20.31,155668,325738000.0,5.23,-0.81,-0.17,3.86
1635,2017-04-20,20.78,19.88,20.78,19.5,187659,374690336.0,6.19,-3.91,-0.81,4.66
1636,2017-04-21,19.7,19.55,19.79,19.2,103025,200364577.0,2.97,-1.66,-0.33,2.56
1637,2017-04-24,19.5,18.6,19.5,18.58,77568,147715218.0,4.71,-4.86,-0.95,1.92
1638,2017-04-25,18.51,18.65,19.09,18.5,79900,150395396.0,3.17,0.27,0.05,1.98
1639,2017-04-26,18.6,18.34,18.62,17.7,122506,221836249.0,4.93,-1.66,-0.31,3.04
1640,2017-04-27,18.0,17.92,18.14,17.21,100376,178281098.0,5.07,-2.29,-0.42,2.49
1641,2017-04-28,17.96,18.07,18.36,17.86,52030,94420678.0,2.79,0.84,0.15,1.29
1642,2017-05-02,18.0,18.7,19.06,17.78,96701,179219044.0,7.08,3.49,0.63,2.4
1643,2017-05-03,18.99,18.75,19.2,18.54,99945,188774208.0,3.53,0.27,0.05,2.48
1644,2017-05-04,18.5,18.72,19.28,18.19,99080,187120544.0,5.81,-0.16,-0.03,2.46
1645,2017-05-05,19.03,18.75,19.36,18.71,80212,152420286.0,3.47,0.16,0.03,1.99
1646,2017-05-08,18.65,17.61,18.77,17.6,71063,128785384.0,6.24,-6.08,-1.14,1.76
1647,2017-05-09,17.65,17.68,17.69,17.24,49680,86979641.0,2.56,0.4,0.07,1.23
1648,2017-05-10,17.75,16.5,17.84,16.44,84207,144340336.0,7.92,-6.67,-1.18,2.09
1649,2017-05-11,16.34,16.77,16.78,15.99,61236,100526996.0,4.79,1.64,0.27,1.52
1650,2017-05-12,16.71,16.93,17.26,16.68,60437,102539796.0,3.46,0.95,0.16,1.5
1651,2017-05-15,16.94,16.87,17.09,16.7,36440,61404860.0,2.3,-0.35,-0.06,0.9
1652,2017-05-16,17.0,17.52,17.6,16.68,66011,113593488.0,5.45,3.85,0.65,1.64
1653,2017-05-17,17.41,17.46,17.68,17.25,54751,95621577.0,2.45,-0.34,-0.06,1.36
1654,2017-05-18,17.5,17.5,18.1,17.38,68794,121992813.0,4.12,0.23,0.04,1.71
1655,2017-05-19,17.27,17.28,17.81,17.15,53379,93064700.0,3.77,-1.26,-0.22,1.32
1656,2017-05-22,17.3,17.37,17.7,17.16,61990,108128240.0,3.13,0.52,0.09,1.54
1657,2017-05-23,17.0,15.88,17.0,15.8,98508,161069812.0,6.91,-8.58,-1.49,2.44
1658,2017-05-24,15.8,15.61,16.05,15.01,75898,118151557.0,6.55,-1.7,-0.27,1.88
1659,2017-05-25,15.5,15.66,15.85,15.08,57230,88883816.0,4.93,0.32,0.05,1.42
1660,2017-05-26,15.66,15.87,16.23,15.51,63035,100559494.0,4.6,1.34,0.21,1.56
1661,2017-05-31,15.97,15.66,16.29,15.41,47501,75251296.0,5.55,-1.32,-0.21,1.18
1662,2017-06-01,15.5,14.63,15.73,14.55,67957,102546225.0,7.54,-6.58,-1.03,1.69
1663,2017-06-02,14.63,14.93,15.03,13.91,77446,111471001.0,7.66,2.05,0.3,1.92
1664,2017-06-05,14.95,14.82,15.09,14.76,42452,63326863.0,2.21,-0.74,-0.11,1.05
1665,2017-06-06,14.82,15.48,15.48,14.54,61014,91186955.0,6.34,4.45,0.66,1.51
1666,2017-06-07,15.5,15.98,16.1,15.49,107969,170916027.0,3.94,3.23,0.5,2.68
1667,2017-06-08,15.72,16.26,16.68,15.72,116081,187334975.0,6.01,1.75,0.28,2.88
1668,2017-06-09,16.08,16.01,16.29,15.8,57679,92380849.0,3.01,-1.54,-0.25,1.43
1669,2017-06-12,16.0,15.54,16.0,15.41,43114,67719262.0,3.69,-2.94,-0.47,1.07
1670,2017-06-13,15.7,15.75,15.94,15.52,32237,50807588.0,2.7,1.35,0.21,0.8
1671,2017-06-14,15.75,15.59,15.87,15.52,34286,53820616.0,2.22,-1.02,-0.16,0.85
1672,2017-06-15,15.55,15.85,16.05,15.5,46853,74266918.0,3.53,1.67,0.26,1.16
1673,2017-06-16,15.89,15.97,15.97,15.76,27943,44340872.0,1.32,0.76,0.12,0.69
1674,2017-06-19,15.98,15.97,16.11,15.88,27813,44438244.0,1.44,0.0,0.0,0.69
1675,2017-06-20,16.06,16.43,16.67,15.9,71413,116690688.0,4.82,2.88,0.46,1.77
1676,2017-06-21,16.32,16.05,16.38,15.96,52928,85459812.0,2.56,-2.31,-0.38,1.31
1677,2017-06-22,16.13,15.4,16.14,15.25,55412,87220746.0,5.55,-4.05,-0.65,1.37
1678,2017-06-23,15.4,15.24,15.4,14.93,39616,60103763.0,3.05,-1.04,-0.16,0.98
1679,2017-06-26,15.27,15.79,16.59,15.27,80077,127689540.0,8.66,3.61,0.55,1.99
1680,2017-06-27,15.9,15.6,15.9,15.52,43965,69015177.0,2.41,-1.2,-0.19,1.09
1681,2017-06-28,15.6,15.64,15.84,15.5,39906,62457093.0,2.18,0.26,0.04,0.99
1682,2017-06-29,15.85,16.03,16.25,15.82,65494,105260690.0,2.75,2.49,0.39,1.62
1683,2017-06-30,15.87,16.0,16.15,15.73,43394,69155748.0,2.62,-0.19,-0.03,1.08
1684,2017-07-03,15.98,16.13,16.18,15.85,40344,64867502.0,2.06,0.81,0.13,1.0
1685,2017-07-04,16.1,16.29,16.58,16.0,56705,92636630.0,3.6,0.99,0.16,1.41
1686,2017-07-05,16.26,16.27,16.34,16.08,33941,54934710.0,1.6,-0.12,-0.02,0.84
1687,2017-07-06,16.28,15.89,16.43,15.75,66562,106408906.0,4.18,-2.34,-0.38,1.65
1688,2017-07-07,15.89,15.86,15.98,15.75,35233,55740566.0,1.45,-0.19,-0.03,0.87
1689,2017-07-10,15.86,15.52,15.9,15.51,45703,71390399.0,2.46,-2.14,-0.34,1.13
1690,2017-07-11,15.52,15.47,15.77,15.4,29038,45183756.0,2.38,-0.32,-0.05,0.72
1691,2017-07-12,15.48,15.01,15.52,14.82,67812,102050709.0,4.52,-2.97,-0.46,1.68
1692,2017-07-13,15.04,14.98,15.15,14.84,39877,59529574.0,2.07,-0.2,-0.03,0.99
1693,2017-07-14,14.98,14.71,14.99,14.7,44160,65351478.0,1.94,-1.8,-0.27,1.1
1694,2017-07-17,14.99,13.51,15.06,13.49,82154,115693159.0,10.67,-8.16,-1.2,2.04
1695,2017-07-18,13.4,13.61,13.68,13.05,56227,75114492.0,4.66,0.74,0.1,1.39
1696,2017-07-19,13.47,13.7,13.71,13.36,33653,45550371.0,2.57,0.66,0.09,0.83
1697,2017-07-20,13.68,13.73,14.3,13.68,46449,64768829.0,4.53,0.22,0.03,1.15
1698,2017-07-21,13.8,14.1,14.15,13.7,49393,68629547.0,3.28,2.69,0.37,1.23
1699,2017-07-24,14.07,14.12,14.28,14.0,32652,46096154.0,1.99,0.14,0.02,0.81
1700,2017-07-25,14.22,13.83,14.22,13.83,21414,30025145.0,2.76,-2.05,-0.29,0.53
1701,2017-07-26,13.85,14.0,14.33,13.76,41266,58011551.0,4.12,1.23,0.17,1.02
1702,2017-07-27,14.09,14.52,14.74,14.0,72574,104421493.0,5.29,3.71,0.52,1.8
1703,2017-07-28,14.58,14.26,14.66,14.25,36393,52393791.0,2.82,-1.79,-0.26,0.9
1704,2017-07-31,14.24,14.12,14.4,13.91,52920,74840269.0,3.44,-0.98,-0.14,1.31
1705,2017-08-01,14.03,14.18,14.31,13.95,34693,48942837.0,2.55,0.42,0.06,0.86
1706,2017-08-02,14.18,14.13,14.45,14.11,41218,58842076.0,2.4,-0.35,-0.05,1.02
1707,2017-08-03,14.15,14.15,14.4,14.08,34779,49627196.0,2.26,0.14,0.02,0.86
1708,2017-08-04,14.1,14.14,14.39,13.93,38722,54778518.0,3.25,-0.07,-0.01,0.96
1709,2017-08-07,14.1,14.16,14.24,14.0,25130,35480795.0,1.7,0.14,0.02,0.62
1710,2017-08-08,13.77,13.22,13.86,13.08,131394,175319347.0,5.51,-6.64,-0.94,3.26
1711,2017-08-09,13.17,13.15,13.28,13.08,52178,68620356.0,1.51,-0.53,-0.07,1.29
1712,2017-08-10,13.11,12.9,13.2,12.88,65050,84678265.0,2.43,-1.9,-0.25,1.61
1713,2017-08-11,12.87,12.88,13.08,12.72,48088,62006734.0,2.79,-0.16,-0.02,1.19
1714,2017-08-14,12.87,13.19,13.5,12.87,69952,92305397.0,4.89,2.41,0.31,1.73
1715,2017-08-15,13.27,13.35,13.45,13.19,72569,96621109.0,1.97,1.21,0.16,1.8
1716,2017-08-16,13.34,13.49,13.52,13.1,76842,102753908.0,3.15,1.05,0.14,1.9
1717,2017-08-17,13.41,13.56,13.63,13.33,67461,91064138.0,2.22,0.52,0.07,1.67
1718,2017-08-18,13.48,13.47,13.68,13.4,47726,64571686.0,2.06,-0.66,-0.09,1.18
1719,2017-08-21,13.6,13.48,13.6,13.38,46202,62133406.0,1.63,0.07,0.01,1.15
1720,2017-08-22,13.5,13.35,13.56,13.31,37829,50746416.0,1.85,-0.96,-0.13,0.94
1721,2017-08-23,13.35,13.63,13.68,13.32,61255,82733453.0,2.7,2.1,0.28,1.52
1722,2017-08-24,13.53,13.33,13.65,13.25,43858,59023766.0,2.93,-2.2,-0.3,1.09
1723,2017-08-25,13.39,13.39,13.44,13.28,32106,42925110.0,1.2,0.45,0.06,0.8
1724,2017-08-28,13.4,13.61,13.64,13.37,49063,66569205.0,2.02,1.64,0.22,1.22
1725,2017-08-29,13.53,13.36,13.53,13.29,59234,79344468.0,1.76,-1.84,-0.25,1.47
1726,2017-08-30,13.35,13.39,13.49,13.34,43542,58361404.0,1.12,0.22,0.03,1.08
1727,2017-08-31,13.31,13.12,13.42,12.98,68857,90527117.0,3.29,-2.02,-0.27,1.71
1728,2017-09-01,13.08,13.22,13.22,13.02,52795,69225669.0,1.52,0.76,0.1,1.31
1729,2017-09-04,13.2,13.6,13.77,13.07,107530,145178716.0,5.3,2.87,0.38,2.67
1730,2017-09-05,13.55,13.69,13.79,13.49,62082,84788207.0,2.21,0.66,0.09,1.39
1731,2017-09-06,13.7,13.79,13.89,13.58,60790,83678300.0,2.26,0.73,0.1,1.36
1732,2017-09-07,13.88,13.78,13.92,13.62,56554,77761355.0,2.18,-0.07,-0.01,1.26
1733,2017-09-08,13.76,13.73,13.87,13.64,45693,62842590.0,1.67,-0.36,-0.05,1.02
1734,2017-09-11,13.75,13.76,13.77,13.61,32490,44524241.0,1.17,0.22,0.03,0.73
1735,2017-09-12,13.77,13.59,13.84,13.53,47432,64706335.0,2.25,-1.24,-0.17,1.06
1736,2017-09-13,13.58,13.69,13.71,13.56,35330,48191890.0,1.1,0.74,0.1,0.79
1737,2017-09-14,13.69,13.85,14.12,13.66,72706,101224419.0,3.36,1.17,0.16,1.62
1738,2017-09-15,13.82,13.68,13.92,13.66,32180,44143958.0,1.88,-1.23,-0.17,0.72
1739,2017-09-18,13.67,13.79,13.79,13.6,30211,41334369.0,1.39,0.8,0.11,0.68
1740,2017-09-19,13.74,13.94,14.25,13.74,89132,125268985.0,3.7,1.09,0.15,1.99
1741,2017-09-20,13.9,13.92,13.95,13.75,57065,78949431.0,1.43,-0.14,-0.02,1.28
1742,2017-09-21,13.92,13.81,14.1,13.81,51981,72453140.0,2.08,-0.79,-0.11,1.16
1743,2017-09-22,13.76,13.7,13.78,13.5,49988,68022700.0,2.03,-0.8,-0.11,1.12
1744,2017-09-25,13.65,13.19,13.76,13.15,43988,59171290.0,4.45,-3.72,-0.51,0.98
1745,2017-09-26,13.14,13.22,13.34,13.13,25397,33568891.0,1.59,0.23,0.03,0.57
1746,2017-09-27,13.23,13.15,13.43,13.13,43612,57612295.0,2.27,-0.53,-0.07,0.97
1747,2017-09-28,13.17,12.99,13.17,12.92,45554,59326862.0,1.9,-1.22,-0.16,1.02
1748,2017-09-29,13.02,13.08,13.11,12.96,25926,33783292.0,1.15,0.69,0.09,0.58
1749,2017-10-09,13.16,13.25,13.29,13.15,30826,40755400.0,1.07,1.3,0.17,0.69
1750,2017-10-10,13.26,13.65,13.67,13.18,57227,77173586.0,3.7,3.02,0.4,1.28
1751,2017-10-11,13.65,13.57,13.8,13.45,37249,50769834.0,2.56,-0.59,-0.08,0.83
1752,2017-10-12,13.51,13.61,13.64,13.44,26279,35600570.0,1.47,0.29,0.04,0.59
1753,2017-10-13,14.45,14.06,14.52,13.95,205573,291573360.0,4.19,3.31,0.45,4.59
1754,2017-10-16,13.81,13.59,13.95,13.55,81321,111840084.0,2.84,-3.34,-0.47,1.82
1755,2017-10-17,13.58,13.34,13.6,13.12,56774,75767648.0,3.53,-1.84,-0.25,1.27
1756,2017-10-18,13.35,13.15,13.43,13.13,41679,55237459.0,2.25,-1.42,-0.19,0.93
1757,2017-10-19,13.16,13.32,13.48,13.05,52036,68889087.0,3.27,1.29,0.17,1.16
1758,2017-10-20,13.36,13.36,13.39,13.21,25024,33259306.0,1.35,0.3,0.04,0.56
1759,2017-10-23,13.32,13.34,13.36,13.26,24368,32403202.0,0.75,-0.15,-0.02,0.54
1760,2017-10-24,13.38,13.17,13.38,13.05,28361,37365109.0,2.47,-1.27,-0.17,0.63
1761,2017-10-25,13.1,13.23,13.24,13.1,21537,28435632.0,1.06,0.46,0.06,0.48
1762,2017-10-26,13.15,13.79,13.89,13.08,124019,169466447.0,6.12,4.23,0.56,2.77
1763,2017-10-27,13.76,13.6,13.84,13.53,61332,83813103.0,2.25,-1.38,-0.19,1.37
1764,2017-10-30,13.58,13.33,13.6,12.8,61208,81282212.0,5.88,-1.99,-0.27,1.37
1765,2017-10-31,13.22,13.29,13.38,13.21,31317,41657302.0,1.28,-0.3,-0.04,0.7
1766,2017-11-01,13.23,13.86,13.94,13.21,113042,155099466.0,5.49,4.29,0.57,2.53
1767,2017-11-02,13.8,13.62,13.81,13.51,68002,92710670.0,2.16,-1.73,-0.24,1.52
1768,2017-11-03,13.6,13.8,13.83,13.49,52357,71438311.0,2.5,1.32,0.18,1.17
1769,2017-11-06,13.8,14.02,14.05,13.72,76722,106636773.0,2.39,1.59,0.22,1.71
1770,2017-11-07,14.03,13.67,14.04,13.65,77335,106667098.0,2.78,-2.5,-0.35,1.73
1771,2017-11-08,13.69,13.62,13.8,13.56,43346,59221789.0,1.76,-0.37,-0.05,0.97
1772,2017-11-09,13.58,13.94,13.98,13.51,61705,85074318.0,3.45,2.35,0.32,1.38
1773,2017-11-10,13.91,13.82,14.06,13.79,58030,80793265.0,1.94,-0.86,-0.12,1.3
1774,2017-11-13,13.72,13.69,13.98,13.66,38030,52421798.0,2.32,-0.94,-0.13,0.85
1775,2017-11-14,13.69,13.21,13.75,13.2,51740,69533559.0,4.02,-3.51,-0.48,1.16
1776,2017-11-15,13.22,13.06,13.31,13.01,36316,47632761.0,2.27,-1.14,-0.15,0.81
1777,2017-11-16,13.0,13.15,13.2,13.0,20585,27023573.0,1.53,0.69,0.09,0.46
1778,2017-11-17,13.15,12.41,13.18,12.01,75282,94994681.0,8.9,-5.63,-0.74,1.68
1779,2017-11-20,12.4,12.2,12.4,12.01,34721,42147667.0,3.14,-1.69,-0.21,0.78
1780,2017-11-21,12.2,12.03,12.24,12.01,32769,39697642.0,1.89,-1.39,-0.17,0.73
1781,2017-11-22,11.99,12.14,12.25,11.99,25554,31030358.0,2.16,0.91,0.11,0.57
1782,2017-11-23,12.1,11.69,12.2,11.69,26787,32141118.0,4.2,-3.71,-0.45,0.6
1783,2017-11-24,11.6,11.66,11.83,11.5,20235,23634654.0,2.82,-0.26,-0.03,0.45
1784,2017-11-27,11.66,11.58,11.82,11.55,20342,23727349.0,2.32,-0.69,-0.08,0.45
1785,2017-11-28,11.56,11.67,11.7,11.51,19020,22083936.0,1.64,0.78,0.09,0.43
1786,2017-11-29,11.65,11.31,11.7,11.21,35592,40458939.0,4.2,-3.08,-0.36,0.8
1787,2017-11-30,11.24,11.2,11.37,11.18,19557,22029986.0,1.68,-0.97,-0.11,0.44
1788,2017-12-01,11.19,11.33,11.33,11.17,18348,20667902.0,1.43,1.16,0.13,0.41
1789,2017-12-04,11.33,10.88,11.33,10.86,34967,38661373.0,4.15,-3.97,-0.45,0.78
1790,2017-12-05,10.88,10.21,10.92,10.17,53166,55323493.0,6.89,-6.16,-0.67,1.19
1791,2017-12-06,10.21,10.44,10.49,10.08,33978,35094687.0,4.02,2.25,0.23,0.76
1792,2017-12-07,10.35,10.68,10.75,10.35,37222,39607467.0,3.83,2.3,0.24,0.83
1793,2017-12-08,10.73,10.97,11.25,10.65,44769,49334296.0,5.62,2.72,0.29,1.0
1794,2017-12-11,10.87,10.99,11.1,10.87,21592,23677036.0,2.1,0.18,0.02,0.48
1795,2017-12-12,10.91,10.72,11.06,10.7,18375,19849580.0,3.28,-2.46,-0.27,0.41
1796,2017-12-13,10.85,10.76,10.93,10.69,8831,9502027.0,2.24,0.37,0.04,0.2
1797,2017-12-14,10.75,10.73,10.86,10.52,24514,26177053.0,3.16,-0.28,-0.03,0.55
1798,2017-12-15,10.71,10.84,10.86,10.65,12374,13347278.0,1.96,1.03,0.11,0.28
1799,2017-12-18,10.81,10.51,10.84,10.4,16601,17536062.0,4.06,-3.04,-0.33,0.37
1800,2017-12-19,10.56,10.74,10.79,10.5,20852,22315532.0,2.76,2.19,0.23,0.47
1801,2017-12-20,10.73,10.62,10.84,10.56,16161,17327934.0,2.61,-1.12,-0.12,0.36
1802,2017-12-21,10.47,10.49,10.66,10.3,20050,21003999.0,3.39,-1.22,-0.13,0.45
1803,2017-12-22,10.47,10.37,10.57,10.33,14468,15092938.0,2.29,-1.14,-0.12,0.32
1804,2017-12-25,10.45,10.22,10.45,10.15,18622,19099255.0,2.89,-1.45,-0.15,0.42
1805,2017-12-26,10.27,10.33,10.33,10.1,23359,23798360.0,2.25,1.08,0.11,0.52
1806,2017-12-27,10.25,10.35,10.39,10.24,14665,15151299.0,1.45,0.19,0.02,0.33
1807,2017-12-28,10.35,10.29,10.44,10.23,20961,21643716.0,2.03,-0.58,-0.06,0.47
1808,2017-12-29,10.24,10.36,10.4,10.22,16801,17313862.0,1.75,0.68,0.07,0.38
1809,2018-01-02,10.42,10.48,10.53,10.34,15960,16700102.0,1.83,1.16,0.12,0.36
1810,2018-01-03,10.47,10.9,11.0,10.47,45804,49744493.0,5.06,4.01,0.42,1.03
1811,2018-01-04,11.04,11.1,11.34,10.9,67313,74835537.0,4.04,1.83,0.2,1.51
1812,2018-01-05,11.0,11.19,11.23,10.87,47317,52206166.0,3.24,0.81,0.09,1.06
1813,2018-01-08,11.07,11.12,11.2,10.96,37372,41320787.0,2.14,-0.63,-0.07,0.84
1814,2018-01-09,11.15,11.24,11.3,11.06,35323,39637320.0,2.16,1.08,0.12,0.79
1815,2018-01-10,11.24,11.04,11.24,11.04,22625,25083233.0,1.78,-1.78,-0.2,0.51
1816,2018-01-11,11.08,11.13,11.19,10.85,21208,23397439.0,3.08,0.82,0.09,0.48
1817,2018-01-12,11.06,11.0,11.22,10.96,15611,17261149.0,2.34,-1.17,-0.13,0.35
1818,2018-01-15,10.97,10.85,11.02,10.73,25118,27227857.0,2.64,-1.36,-0.15,0.56
1819,2018-01-16,10.8,10.85,10.88,10.66,16264,17544407.0,2.03,0.0,0.0,0.37
1820,2018-01-17,10.68,10.99,11.06,10.46,30261,32506840.0,5.53,1.29,0.14,0.68
1821,2018-01-18,10.92,11.3,11.3,10.85,41294,46127469.0,4.09,2.82,0.31,0.93
1822,2018-01-19,11.22,11.29,11.35,11.18,23799,26811456.0,1.5,-0.09,-0.01,0.53
1823,2018-01-22,11.31,11.31,11.56,11.15,30095,34201535.0,3.63,0.18,0.02,0.68
1824,2018-01-23,11.36,11.24,11.55,11.15,26145,29495843.0,3.54,-0.62,-0.07,0.59
1825,2018-01-24,11.18,11.13,11.26,11.0,40730,45289257.0,2.31,-0.98,-0.11,0.92
1826,2018-01-25,11.1,11.07,11.29,11.01,35679,39763087.0,2.52,-0.54,-0.06,0.8
1827,2018-01-26,11.0,10.91,11.05,10.91,23193,25421587.0,1.26,-1.45,-0.16,0.52
1828,2018-01-29,10.85,10.81,11.05,10.71,22688,24650309.0,3.12,-0.92,-0.1,0.51
1829,2018-01-30,10.76,10.81,10.88,10.73,14870,16054392.0,1.39,0.0,0.0,0.33
1830,2018-01-31,10.86,10.22,10.86,10.14,37550,39146580.0,6.66,-5.46,-0.59,0.84
1831,2018-02-01,10.21,9.63,10.27,9.62,47334,47338999.0,6.36,-5.77,-0.59,1.06
1832,2018-02-02,9.61,9.4,9.71,9.3,23731,22484198.0,4.26,-2.39,-0.23,0.53
1833,2018-02-05,9.18,9.35,9.46,9.18,13207,12344643.0,2.98,-0.53,-0.05,0.3
1834,2018-02-06,9.18,8.76,9.29,8.71,29058,26052722.0,6.2,-6.31,-0.59,0.65
1835,2018-02-07,8.95,8.86,9.05,8.41,29614,25897973.0,7.31,1.14,0.1,0.67
1836,2018-02-08,8.81,9.35,9.63,8.6,31710,29003021.0,11.63,5.53,0.49,0.71
1837,2018-02-09,9.19,8.96,9.32,8.9,31041,28168921.0,4.49,-4.17,-0.39,0.7
1838,2018-02-12,9.13,9.35,9.58,9.02,30781,28787002.0,6.25,4.35,0.39,0.69
1839,2018-02-13,9.35,9.66,9.76,9.35,32908,31518627.0,4.39,3.32,0.31,0.74
1840,2018-02-14,9.66,9.73,9.88,9.42,24423,23635933.0,4.76,0.72,0.07,0.55
1841,2018-02-22,9.84,10.16,10.23,9.73,33916,34009576.0,5.14,4.42,0.43,0.76
1842,2018-02-23,10.19,10.36,10.48,10.05,37493,38420595.0,4.23,1.97,0.2,0.84
1843,2018-02-26,10.35,10.47,10.62,10.1,32165,33360084.0,5.02,1.06,0.11,0.72
1844,2018-02-27,10.47,10.32,10.54,10.28,20257,21039397.0,2.48,-1.43,-0.15,0.46
1845,2018-02-28,10.3,10.23,10.46,10.15,21313,21944409.0,3.0,-0.87,-0.09,0.48
1846,2018-03-01,10.09,10.22,10.32,10.0,27410,27824929.0,3.13,-0.1,-0.01,0.62
1847,2018-03-02,10.09,10.19,10.4,10.09,15162,15553783.0,3.03,-0.29,-0.03,0.34
1848,2018-03-05,10.3,10.59,10.61,10.12,36945,38563091.0,4.81,3.93,0.4,0.83
1849,2018-03-06,10.61,10.51,10.67,10.36,22862,24034878.0,2.93,-0.76,-0.08,0.51
1850,2018-03-07,10.43,10.2,10.5,10.2,17235,17766866.0,2.85,-2.95,-0.31,0.39
1851,2018-03-08,10.13,10.28,10.34,10.13,13495,13807169.0,2.06,0.78,0.08,0.3
1852,2018-03-09,10.28,10.42,10.45,10.17,27653,28581623.0,2.72,1.36,0.14,0.62
1853,2018-03-12,10.46,10.52,10.62,10.38,32564,34168695.0,2.3,0.96,0.1,0.73
1854,2018-03-13,10.58,10.41,10.58,10.31,36784,38469397.0,2.57,-1.05,-0.11,0.83
1855,2018-03-14,10.39,10.03,10.41,10.02,39202,39862653.0,3.75,-3.65,-0.38,0.88
1856,2018-03-15,9.97,9.93,10.02,9.78,28088,27754533.0,2.39,-1.0,-0.1,0.63
1857,2018-03-16,9.87,9.81,10.02,9.79,19300,19097786.0,2.32,-1.21,-0.12,0.43
1858,2018-03-19,9.78,9.89,9.97,9.75,13365,13212364.0,2.24,0.82,0.08,0.3
1859,2018-03-20,9.8,9.93,9.94,9.76,13729,13538336.0,1.82,0.4,0.04,0.31
1860,2018-03-21,9.95,9.81,10.07,9.78,18458,18371790.0,2.92,-1.21,-0.12,0.41
1861,2018-03-22,9.8,9.82,9.9,9.66,15189,14854934.0,2.45,0.1,0.01,0.34
1862,2018-03-23,9.7,9.04,9.7,8.93,35485,33060999.0,7.84,-7.94,-0.78,0.8
1863,2018-03-26,8.78,9.14,9.16,8.78,29984,26922830.0,4.2,1.11,0.1,0.67
1864,2018-03-27,9.25,9.44,9.52,9.15,21897,20549254.0,4.05,3.28,0.3,0.49
1865,2018-03-28,9.39,9.59,9.98,9.31,49344,48048508.0,7.1,1.59,0.15,1.11
1866,2018-03-29,9.45,9.79,9.88,9.45,23432,22883435.0,4.48,2.09,0.2,0.53
1867,2018-03-30,9.82,10.0,10.05,9.81,29805,29728080.0,2.45,2.15,0.21,0.67
1868,2018-04-02,9.96,10.22,10.41,9.94,41168,42247727.0,4.7,2.2,0.22,0.93
1869,2018-04-03,10.01,10.01,10.19,9.86,29909,29895045.0,3.23,-2.05,-0.21,0.67
1870,2018-04-04,10.16,9.84,10.18,9.76,26069,25994944.0,4.2,-1.7,-0.17,0.59
1871,2018-04-09,9.84,9.86,10.02,9.72,19194,18988607.0,3.05,0.2,0.02,0.43
1872,2018-04-10,9.78,9.54,9.83,9.5,37898,36473970.0,3.35,-3.25,-0.32,0.85
1873,2018-04-11,9.75,10.49,10.49,9.75,101972,106691347.0,7.76,9.96,0.95,2.29
1874,2018-04-12,10.48,9.96,10.48,9.96,120305,122384198.0,4.96,-5.05,-0.53,2.7
1875,2018-04-13,10.06,9.63,10.08,9.61,62929,61840430.0,4.72,-3.31,-0.33,1.41
1876,2018-04-16,9.53,9.27,9.57,9.23,46827,43839748.0,3.53,-3.74,-0.36,1.05
1877,2018-04-17,9.3,9.09,9.41,9.06,44617,41050340.0,3.78,-1.94,-0.18,1.0
1878,2018-04-18,9.18,9.25,9.28,8.99,44741,40908447.0,3.19,1.76,0.16,1.01
1879,2018-04-19,9.3,9.24,9.35,9.21,30455,28261059.0,1.51,-0.11,-0.01,0.68
1880,2018-04-20,9.19,8.97,9.23,8.95,32726,29746948.0,3.03,-2.92,-0.27,0.74
1881,2018-04-23,8.98,9.03,9.08,8.88,15209,13643360.0,2.23,0.67,0.06,0.34
1882,2018-04-24,9.08,9.23,9.27,9.08,21915,20182072.0,2.1,2.21,0.2,0.49
1883,2018-04-25,9.24,9.35,9.4,9.18,28770,26744643.0,2.38,1.3,0.12,0.65
1884,2018-04-26,9.4,9.23,9.4,9.1,21210,19566519.0,3.21,-1.28,-0.12,0.48
1885,2018-04-27,9.23,9.27,9.38,9.22,22165,20598011.0,1.73,0.43,0.04,0.5
1886,2018-05-02,9.27,8.97,9.35,8.82,32275,29089536.0,5.72,-3.24,-0.3,0.73
1887,2018-05-03,8.97,8.94,9.04,8.79,19701,17563716.0,2.79,-0.33,-0.03,0.44
1888,2018-05-04,9.0,8.94,9.03,8.88,12897,11556969.0,1.68,0.0,0.0,0.29
1889,2018-05-07,8.88,9.06,9.08,8.86,55257,49323585.0,2.46,1.34,0.12,1.24
1890,2018-05-08,9.05,8.98,9.08,8.92,54917,49330712.0,1.77,-0.88,-0.08,1.23
1891,2018-05-09,8.99,8.93,9.0,8.87,33643,30026264.0,1.45,-0.56,-0.05,0.76
1892,2018-05-10,8.98,9.05,9.05,8.91,34720,31162567.0,1.57,1.34,0.12,0.78
1893,2018-05-11,9.07,8.96,9.22,8.93,46437,42087030.0,3.2,-0.99,-0.09,1.04
1894,2018-05-14,8.88,8.69,8.95,8.67,49705,43555277.0,3.13,-3.01,-0.27,1.12
1895,2018-05-15,8.65,8.76,8.77,8.64,21988,19163901.0,1.5,0.81,0.07,0.49
1896,2018-05-16,8.76,8.68,8.76,8.65,23708,20632617.0,1.26,-0.91,-0.08,0.53
1897,2018-05-17,8.62,8.67,8.72,8.62,21670,18777591.0,1.15,-0.12,-0.01,0.49
1898,2018-05-18,8.62,8.7,8.72,8.6,24140,20883808.0,1.38,0.35,0.03,0.54
1899,2018-05-21,8.72,8.83,8.9,8.71,45706,40289709.0,2.18,1.49,0.13,1.03
1900,2018-05-22,8.8,8.81,8.85,8.73,40350,35419297.0,1.36,-0.23,-0.02,0.91
1901,2018-05-23,8.78,8.53,8.8,8.51,49269,42574136.0,3.29,-3.18,-0.28,1.11
1902,2018-05-24,8.51,8.44,8.59,8.42,48561,41186052.0,1.99,-1.06,-0.09,1.09
1903,2018-05-25,8.41,8.32,8.44,8.23,46891,39054845.0,2.49,-1.42,-0.12,1.05
1904,2018-05-28,8.28,8.1,8.38,8.1,41376,33953123.0,3.37,-2.64,-0.22,0.93
1905,2018-05-29,8.15,7.84,8.17,7.77,71196,56621493.0,4.94,-3.21,-0.26,1.6
1906,2018-05-30,7.74,7.26,7.76,7.21,61070,45693096.0,7.02,-7.4,-0.58,1.37
1907,2018-05-31,7.28,7.4,7.48,7.28,41665,30855101.0,2.75,1.93,0.14,0.94
1908,2018-06-01,7.39,7.45,7.53,7.35,36546,27160222.0,2.43,0.68,0.05,0.82
1909,2018-06-04,7.49,7.45,7.5,7.37,19960,14836703.0,1.74,0.0,0.0,0.45
1910,2018-06-05,7.38,7.53,7.57,7.38,39962,29925568.0,2.55,1.07,0.08,0.9
1911,2018-06-06,7.53,7.46,7.54,7.42,23788,17743098.0,1.59,-0.93,-0.07,0.53
1912,2018-06-07,7.48,7.28,7.5,7.28,26328,19387150.0,2.95,-2.41,-0.18,0.59
1913,2018-06-08,7.27,7.2,7.34,7.08,33870,24382440.0,3.57,-1.1,-0.08,0.76
1914,2018-06-11,7.2,7.19,7.27,7.16,18786,13561318.0,1.53,-0.14,-0.01,0.42
1915,2018-06-12,7.19,7.22,7.27,7.05,31972,22911142.0,3.06,0.42,0.03,0.72
1916,2018-06-13,7.2,7.02,7.22,7.0,27135,19224910.0,3.05,-2.77,-0.2,0.61
1917,2018-06-14,6.91,7.03,7.13,6.9,23870,16813501.0,3.28,0.14,0.01,0.54
1918,2018-06-15,7.03,6.78,7.06,6.71,53207,36308232.0,4.98,-3.56,-0.25,1.2
1919,2018-06-19,6.73,6.11,6.73,6.1,62484,39448477.0,9.29,-9.88,-0.67,1.4
1920,2018-06-20,6.12,6.18,6.27,6.03,34372,21246594.0,3.93,1.15,0.07,0.77
1921,2018-06-21,6.2,6.0,6.25,5.99,30116,18337251.0,4.21,-2.91,-0.18,0.68
1922,2018-06-22,6.0,6.12,6.17,5.92,27798,16935980.0,4.17,2.0,0.12,0.62
1923,2018-06-25,6.18,6.08,6.27,6.06,29605,18237147.0,3.43,-0.65,-0.04,0.67
1924,2018-06-26,6.06,6.3,6.39,5.99,32045,19957546.0,6.58,3.62,0.22,0.72
1925,2018-06-27,6.3,6.25,6.37,6.21,27801,17458890.0,2.54,-0.79,-0.05,0.62
1926,2018-06-28,6.25,6.2,6.35,6.17,24306,15246680.0,2.88,-0.8,-0.05,0.55
1927,2018-06-29,6.2,6.38,6.41,6.14,36010,22767104.0,4.35,2.9,0.18,0.81
1928,2018-07-02,6.35,6.3,6.46,6.2,33744,21439572.0,4.08,-1.25,-0.08,0.75
1929,2018-07-03,6.22,6.5,6.64,6.22,40555,26133574.0,6.67,3.17,0.2,0.91
1930,2018-07-04,6.48,6.34,6.48,6.33,23997,15366366.0,2.31,-2.46,-0.16,0.54
1931,2018-07-05,6.31,6.23,6.4,6.22,27300,17197599.0,2.84,-1.74,-0.11,0.61
1932,2018-07-06,6.27,6.26,6.42,6.08,34672,21723262.0,5.46,0.48,0.03,0.77
1933,2018-07-09,6.22,6.34,6.38,6.22,17375,11014032.0,2.56,1.28,0.08,0.39
1934,2018-07-10,6.4,6.4,6.46,6.31,20503,13071070.0,2.37,0.95,0.06,0.46
1935,2018-07-11,6.36,6.08,6.36,5.99,37882,23239317.0,5.78,-5.0,-0.32,0.85
1936,2018-07-12,6.1,6.26,6.31,6.08,28265,17633321.0,3.78,2.96,0.18,0.63
1937,2018-07-13,6.62,6.89,6.89,6.56,28221,19267650.0,5.27,10.06,0.63,0.63
1938,2018-07-16,7.2,7.06,7.49,7.02,187111,134975099.0,6.82,2.47,0.17,4.18
1939,2018-07-17,6.99,6.85,7.06,6.77,102666,70397951.0,4.11,-2.97,-0.21,2.29
1940,2018-07-18,6.79,6.74,6.93,6.73,60887,41578523.0,2.92,-1.61,-0.11,1.36
1941,2018-07-19,6.74,6.72,6.81,6.62,47678,31964600.0,2.82,-0.3,-0.02,1.06
1942,2018-07-20,6.83,6.92,7.2,6.82,97647,67827012.0,5.65,2.98,0.2,2.18
1943,2018-07-23,6.74,6.9,6.9,6.69,64508,43892285.0,3.03,-0.29,-0.02,1.44
1944,2018-07-24,6.93,7.0,7.08,6.84,87074,60661964.0,3.48,1.45,0.1,1.94
1945,2018-07-25,6.98,6.95,7.04,6.91,42070,29328202.0,1.86,-0.71,-0.05,0.94
1946,2018-07-26,6.97,6.96,7.02,6.92,44416,30932555.0,1.44,0.14,0.01,0.99
1947,2018-07-27,6.96,6.82,6.96,6.81,29664,20430201.0,2.16,-2.01,-0.14,0.66
1948,2018-07-30,6.8,7.5,7.5,6.77,186120,137279244.0,10.7,9.97,0.68,4.15
1949,2018-07-31,7.78,7.4,8.09,7.39,315149,242691528.0,9.33,-1.33,-0.1,7.03
1950,2018-08-01,7.18,7.38,7.73,7.18,191593,142490448.0,7.43,-0.27,-0.02,4.28
1951,2018-08-02,7.22,7.55,7.62,6.82,169015,121032062.0,10.84,2.3,0.17,3.77
1952,2018-08-03,7.42,7.87,8.1,7.35,265452,207621618.0,9.93,4.24,0.32,5.92
1953,2018-08-06,7.76,7.52,7.81,7.36,174285,132421556.0,5.72,-4.45,-0.35,3.89
1954,2018-08-07,7.59,8.1,8.22,7.41,247720,194718727.0,10.77,7.71,0.58,5.53
1955,2018-08-08,8.0,8.2,8.25,7.83,220936,177079142.0,5.19,1.23,0.1,4.93
1956,2018-08-09,8.02,8.01,8.24,7.93,182685,147599547.0,3.78,-2.32,-0.19,4.08
1957,2018-08-10,8.07,7.92,8.07,7.78,128641,101528553.0,3.62,-1.12,-0.09,2.87
1958,2018-08-13,7.77,7.9,7.96,7.72,81189,63626255.0,3.03,-0.25,-0.02,1.81
1959,2018-08-14,7.88,7.68,7.89,7.58,113642,87218737.0,3.92,-2.78,-0.22,2.54
1960,2018-08-15,7.68,7.5,7.74,7.49,78485,59612811.0,3.26,-2.34,-0.18,1.75
1961,2018-08-16,7.35,7.19,7.4,7.17,85131,61942514.0,3.07,-4.13,-0.31,1.9
1962,2018-08-17,7.29,6.86,7.34,6.83,88637,62390379.0,7.09,-4.59,-0.33,1.98
1963,2018-08-20,6.83,6.88,6.9,6.64,77001,52274634.0,3.79,0.29,0.02,1.72
1964,2018-08-21,6.89,7.02,7.08,6.83,77652,54304212.0,3.63,2.03,0.14,1.73
1965,2018-08-22,6.99,6.86,7.09,6.83,55655,38497219.0,3.7,-2.28,-0.16,1.24
1966,2018-08-23,6.83,6.92,6.95,6.75,56185,38545810.0,2.92,0.87,0.06,1.25
1967,2018-08-24,6.92,6.81,6.95,6.79,38443,26275662.0,2.31,-1.59,-0.11,0.86
1968,2018-08-27,6.8,6.94,6.96,6.75,45495,31376948.0,3.08,1.91,0.13,1.02
1969,2018-08-28,6.94,6.95,7.06,6.91,42436,29585222.0,2.16,0.14,0.01,0.95
1970,2018-08-29,6.95,7.15,7.16,6.95,76048,53583265.0,3.02,2.88,0.2,1.7
1971,2018-08-30,7.09,6.64,7.12,6.59,78649,54253933.0,7.41,-7.13,-0.51,1.76
1972,2018-08-31,6.64,6.49,6.7,6.38,60003,39353523.0,4.82,-2.26,-0.15,1.34
1973,2018-09-03,6.47,6.53,6.55,6.32,43275,27793083.0,3.54,0.62,0.04,0.97
1974,2018-09-04,6.53,6.6,6.63,6.46,36796,24174742.0,2.6,1.07,0.07,0.82
1975,2018-09-05,6.61,6.57,6.65,6.45,44693,29243508.0,3.03,-0.45,-0.03,1.0
1976,2018-09-06,6.44,6.53,6.58,6.42,37619,24518466.0,2.44,-0.61,-0.04,0.84
1977,2018-09-07,6.55,6.57,6.64,6.46,41315,27119288.0,2.76,0.61,0.04,0.92
1978,2018-09-10,6.52,6.52,6.56,6.42,37385,24254874.0,2.13,-0.76,-0.05,0.83
1979,2018-09-11,6.52,6.5,6.57,6.42,31503,20468361.0,2.3,-0.31,-0.02,0.7
1980,2018-09-12,6.49,6.49,6.57,6.44,34419,22381576.0,2.0,-0.15,-0.01,0.77
1981,2018-09-13,6.58,6.6,6.6,6.47,32521,21289083.0,2.0,1.69,0.11,0.73
1982,2018-09-14,6.6,6.5,6.65,6.5,35454,23353648.0,2.27,-1.52,-0.1,0.79
1983,2018-09-17,6.47,6.19,6.47,6.15,50834,31889202.0,4.92,-4.77,-0.31,1.13
1984,2018-09-18,6.18,6.59,6.61,6.18,77499,49646281.0,6.95,6.46,0.4,1.73
1985,2018-09-19,6.5,6.61,6.68,6.48,65163,42947750.0,3.03,0.3,0.02,1.45
1986,2018-09-20,6.61,6.61,6.7,6.55,46458,30714363.0,2.27,0.0,0.0,1.04
1987,2018-09-21,6.64,6.86,7.27,6.52,176723,122945221.0,11.35,3.78,0.25,3.94
1988,2018-09-25,6.73,6.75,6.87,6.73,87023,58940957.0,2.04,-1.6,-0.11,1.94
1989,2018-09-26,6.79,6.76,6.85,6.72,52059,35299839.0,1.93,0.15,0.01,1.16
1990,2018-09-27,6.79,6.59,6.92,6.56,68523,46318330.0,5.33,-2.51,-0.17,1.53
1991,2018-09-28,6.6,6.68,6.7,6.6,38226,25472345.0,1.52,1.37,0.09,0.85
1992,2018-10-08,6.6,6.31,6.6,6.01,47578,30403092.0,8.83,-5.54,-0.37,1.06
1993,2018-10-09,6.32,6.33,6.46,6.28,38482,24461860.0,2.85,0.32,0.02,0.86
1994,2018-10-10,6.35,6.3,6.47,6.27,37702,23966311.0,3.16,-0.47,-0.03,0.84
1995,2018-10-11,6.03,5.67,6.12,5.67,98151,57781300.0,7.14,-10.0,-0.63,2.19
1996,2018-10-12,5.67,5.6,5.67,5.21,62020,33890231.0,8.11,-1.23,-0.07,1.38
1997,2018-10-15,5.62,5.33,5.62,5.32,56549,30974447.0,5.36,-4.82,-0.27,1.26
1998,2018-10-16,5.32,5.36,5.46,5.24,38820,20756356.0,4.13,0.56,0.03,0.87
1999,2018-10-17,5.49,5.47,5.54,5.3,44160,23918010.0,4.48,2.05,0.11,0.99
2000,2018-10-18,5.39,5.33,5.48,5.28,31842,17051374.0,3.66,-2.56,-0.14,0.71
2001,2018-10-19,5.2,5.4,5.42,5.1,72347,38457829.0,6.0,1.31,0.07,1.61
2002,2018-10-22,5.44,5.62,5.72,5.4,84904,47329422.0,5.93,4.07,0.22,1.89
2003,2018-10-23,5.6,5.46,5.63,5.39,77276,42744593.0,4.27,-2.85,-0.16,1.72
2004,2018-10-24,5.42,5.45,5.54,5.39,75563,41131904.0,2.75,-0.18,-0.01,1.69
2005,2018-10-25,5.22,5.39,5.41,5.16,68043,35773391.0,4.59,-1.1,-0.06,1.52
2006,2018-10-26,5.4,5.44,5.51,5.39,52496,28628143.0,2.23,0.93,0.05,1.17
2007,2018-10-29,5.41,5.39,5.5,5.36,39061,21196477.0,2.57,-0.92,-0.05,0.87
2008,2018-10-30,5.34,5.43,5.49,5.27,43785,23614333.0,4.08,0.74,0.04,0.98
2009,2018-10-31,5.43,5.57,5.68,5.43,87704,49023465.0,4.6,2.58,0.14,1.96
2010,2018-11-01,5.67,5.55,5.67,5.52,70406,39504161.0,2.69,-0.36,-0.02,1.57
2011,2018-11-02,5.61,5.7,5.72,5.58,89813,50758025.0,2.52,2.7,0.15,2.0
2012,2018-11-05,5.66,5.75,5.83,5.64,72973,41798201.0,3.33,0.88,0.05,1.63
2013,2018-11-06,5.7,5.71,5.72,5.59,55964,31666466.0,2.26,-0.7,-0.04,1.25
2014,2018-11-07,5.73,5.73,5.88,5.71,80308,46542010.0,2.98,0.35,0.02,1.79
2015,2018-11-08,5.79,5.76,5.92,5.72,68555,39718251.0,3.49,0.52,0.03,1.53
2016,2018-11-09,5.71,5.7,5.77,5.66,52357,29893049.0,1.91,-1.04,-0.06,1.17
2017,2018-11-13,6.27,6.27,6.27,5.96,225929,138788723.0,5.44,10.0,0.57,5.04
2018,2018-11-14,6.35,6.21,6.59,6.18,253850,161849435.0,6.54,-0.96,-0.06,5.66
2019,2018-11-15,6.11,6.45,6.5,6.11,168019,105829198.0,6.28,3.86,0.24,3.75
2020,2018-11-16,6.38,6.37,6.46,6.32,116909,74631306.0,2.17,-1.24,-0.08,2.61
2021,2018-11-19,6.36,6.54,6.59,6.34,102146,66088342.0,3.92,2.67,0.17,2.28
2022,2018-11-20,6.43,6.31,6.48,6.26,83036,52937050.0,3.36,-3.52,-0.23,1.85
2023,2018-11-21,6.18,6.5,6.58,6.17,118742,76538020.0,6.5,3.01,0.19,2.65
2024,2018-11-22,6.49,6.38,6.79,6.38,129678,85399643.0,6.31,-1.85,-0.12,2.89
2025,2018-11-23,6.44,6.41,6.52,6.19,120825,76998318.0,5.17,0.47,0.03,2.7
2026,2018-11-26,6.39,6.78,6.8,6.34,168212,111354126.0,7.18,5.77,0.37,3.75
2027,2018-11-27,6.74,6.65,6.77,6.51,108791,72323103.0,3.83,-1.92,-0.13,2.43
2028,2018-11-28,6.65,6.63,6.71,6.35,92236,60106134.0,5.41,-0.3,-0.02,2.06
2029,2018-11-29,6.64,6.32,6.77,6.3,81920,53855458.0,7.09,-4.68,-0.31,1.83
2030,2018-11-30,6.27,6.41,6.46,6.18,75310,47580831.0,4.43,1.42,0.09,1.68
2031,2018-12-03,6.6,6.59,6.65,6.46,84175,55246033.0,2.96,2.81,0.18,1.88
2032,2018-12-04,6.59,6.68,6.68,6.46,66172,43433979.0,3.34,1.37,0.09,1.48
2033,2018-12-05,6.55,6.56,6.64,6.48,58301,38161421.0,2.4,-1.8,-0.12,1.3
2034,2018-12-06,6.53,6.35,6.59,6.28,66247,42285681.0,4.73,-3.2,-0.21,1.48
2035,2018-12-07,6.3,6.66,6.73,6.3,128242,84581224.0,6.77,4.88,0.31,2.86
2036,2018-12-10,6.54,6.46,6.77,6.4,84185,55224031.0,5.56,-3.0,-0.2,1.88
2037,2018-12-11,6.52,6.49,6.54,6.37,47880,30845669.0,2.63,0.46,0.03,1.07
2038,2018-12-12,6.49,6.39,6.56,6.34,52754,33873967.0,3.39,-1.54,-0.1,1.18
2039,2018-12-13,6.4,7.03,7.03,6.37,161703,109794598.0,10.33,10.02,0.64,3.61
2040,2018-12-14,7.03,7.03,7.3,6.93,366341,260727263.0,5.26,0.0,0.0,8.18
2041,2018-12-17,6.99,7.2,7.34,6.96,235227,168744101.0,5.41,2.42,0.17,5.25
2042,2018-12-18,7.05,6.98,7.15,6.91,130053,91212713.0,3.33,-3.06,-0.22,2.9
2043,2018-12-19,6.94,6.78,7.04,6.7,131765,89796270.0,4.87,-2.87,-0.2,2.94
2044,2018-12-20,6.79,6.86,6.95,6.73,101119,69085128.0,3.24,1.18,0.08,2.26
2045,2018-12-21,6.78,6.76,6.8,6.67,74840,50317123.0,1.9,-1.46,-0.1,1.67
2046,2018-12-24,6.81,6.8,6.84,6.7,69207,46871082.0,2.07,0.59,0.04,1.54
2047,2018-12-25,6.69,6.44,6.69,6.12,146056,92781096.0,8.38,-5.29,-0.36,3.26
2048,2018-12-26,6.36,6.35,6.44,6.3,69676,44390953.0,2.17,-1.4,-0.09,1.55
2049,2018-12-27,6.49,6.1,6.5,6.1,69453,43795969.0,6.3,-3.94,-0.25,1.55
2050,2018-12-28,6.06,6.05,6.19,5.99,49127,29959700.0,3.28,-0.82,-0.05,1.1
2051,2019-01-02,6.17,6.22,6.27,6.05,64084,39683444.0,3.64,2.81,0.17,1.43
2052,2019-01-03,6.22,6.11,6.33,6.11,52919,32917891.0,3.54,-1.77,-0.11,1.18
2053,2019-01-04,6.06,6.35,6.35,5.97,76393,47512230.0,6.22,3.93,0.24,1.7
2054,2019-01-07,6.5,6.99,6.99,6.49,112203,77725224.0,7.87,10.08,0.64,2.5
2055,2019-01-08,7.5,7.15,7.69,7.11,486599,362790304.0,8.3,2.29,0.16,10.86
2056,2019-01-09,6.99,7.34,7.66,6.88,363963,262565984.0,10.91,2.66,0.19,8.12
2057,2019-01-10,7.16,7.28,7.3,7.1,181815,131018952.0,2.72,-0.82,-0.06,4.06
2058,2019-01-11,7.24,7.18,7.49,7.06,139820,101068075.0,5.91,-1.37,-0.1,3.12
2059,2019-01-14,6.84,6.74,6.93,6.51,238449,159900988.0,5.85,-6.13,-0.44,5.32
2060,2019-01-15,6.67,6.71,6.75,6.54,133457,88943754.0,3.12,-0.45,-0.03,2.98
2061,2019-01-16,6.67,6.6,6.75,6.6,100106,66689803.0,2.24,-1.64,-0.11,2.23
2062,2019-01-17,6.53,6.48,6.58,6.4,85287,55417922.0,2.73,-1.82,-0.12,1.9
2063,2019-01-18,6.42,6.64,6.64,6.42,79162,51788348.0,3.4,2.47,0.16,1.77
2064,2019-01-21,6.66,6.65,6.78,6.61,79984,53419257.0,2.56,0.15,0.01,1.78
2065,2019-01-22,6.61,6.68,6.68,6.46,76499,50087933.0,3.31,0.45,0.03,1.71
2066,2019-01-23,6.62,6.76,6.77,6.59,90478,60669268.0,2.69,1.2,0.08,2.02
2067,2019-01-24,6.76,6.7,6.8,6.59,62461,41808037.0,3.11,-0.89,-0.06,1.39
2068,2019-01-25,6.73,6.55,6.79,6.54,60625,40244773.0,3.73,-2.24,-0.15,1.35
2069,2019-01-28,6.61,6.29,6.65,6.2,101867,65467794.0,6.87,-3.97,-0.26,2.27
2070,2019-01-29,6.26,6.15,6.26,5.93,82061,50277709.0,5.25,-2.23,-0.14,1.83
2071,2019-01-30,6.12,6.06,6.21,6.0,49403,30253655.0,3.41,-1.46,-0.09,1.1
2072,2019-01-31,5.45,5.51,5.75,5.45,176546,97713489.0,4.95,-9.08,-0.55,3.94
2073,2019-02-01,5.56,5.79,5.83,5.55,73820,42004126.0,5.08,5.08,0.28,1.65
2074,2019-02-11,5.76,5.88,5.91,5.74,70505,41261517.0,2.94,1.55,0.09,1.57
2075,2019-02-12,5.88,5.92,5.96,5.84,68120,40172860.0,2.04,0.68,0.04,1.52
2076,2019-02-13,5.94,6.04,6.07,5.86,76588,45759368.0,3.55,2.03,0.12,1.71
2077,2019-02-14,6.02,6.03,6.09,5.96,65110,39243154.0,2.15,-0.17,-0.01,1.45
2078,2019-02-15,6.0,6.05,6.2,5.98,63384,38461477.0,3.65,0.33,0.02,1.41
2079,2019-02-18,6.13,6.28,6.29,6.06,84814,52548873.0,3.8,3.8,0.23,1.89
2080,2019-02-19,6.31,6.27,6.38,6.17,108292,67707244.0,3.34,-0.16,-0.01,2.42
2081,2019-02-20,6.27,6.33,6.38,6.21,86777,54590863.0,2.71,0.96,0.06,1.94
2082,2019-02-21,6.24,6.2,6.36,6.19,108136,67900505.0,2.69,-2.05,-0.13,2.41
2083,2019-02-22,6.18,6.39,6.4,6.16,113439,71454786.0,3.87,3.06,0.19,2.53
2084,2019-02-25,6.44,6.69,6.76,6.35,186130,122158393.0,6.42,4.69,0.3,4.15
2085,2019-02-26,6.62,6.71,6.92,6.58,185562,125610575.0,5.08,0.3,0.02,4.14
2086,2019-02-27,6.79,6.82,7.05,6.73,179224,123520431.0,4.77,1.64,0.11,4.0
2087,2019-02-28,6.8,6.8,6.93,6.75,98273,67202447.0,2.64,-0.29,-0.02,2.19
2088,2019-03-01,6.82,6.9,6.98,6.79,106795,73595815.0,2.79,1.47,0.1,2.38
2089,2019-03-04,7.0,7.04,7.2,6.98,194173,137725557.0,3.19,2.03,0.14,4.33
2090,2019-03-05,7.08,7.34,7.45,7.08,198086,143774744.0,5.26,4.26,0.3,4.42
2091,2019-03-06,7.39,7.44,7.64,7.25,194923,144762535.0,5.31,1.36,0.1,4.35
2092,2019-03-07,7.49,7.52,7.6,7.33,228781,170440114.0,3.63,1.08,0.08,5.1
2093,2019-03-08,7.36,7.13,7.53,7.05,214151,156688047.0,6.38,-5.19,-0.39,4.78
2094,2019-03-11,7.14,7.57,7.58,7.14,241745,179467991.0,6.17,6.17,0.44,5.39
2095,2019-03-12,7.63,7.6,7.98,7.5,249477,192473780.0,6.34,0.4,0.03,5.57
2096,2019-03-13,7.55,7.52,7.85,7.3,220691,168752012.0,7.24,-1.05,-0.08,4.92
2097,2019-03-14,7.59,7.21,7.65,7.06,177522,129998137.0,7.85,-4.12,-0.31,3.96
2098,2019-03-15,7.39,7.43,7.65,7.25,194944,145623647.0,5.55,3.05,0.22,4.35
2099,2019-03-18,7.7,7.66,7.8,7.51,166680,127361194.0,3.9,3.1,0.23,3.72
2100,2019-03-19,7.74,7.52,7.78,7.47,128980,97929478.0,4.05,-1.83,-0.14,2.88
2101,2019-03-20,7.54,7.62,7.77,7.45,166091,126257912.0,4.26,1.33,0.1,3.71
2102,2019-03-21,7.67,8.38,8.38,7.62,192271,155594334.0,9.97,9.97,0.76,4.29
2103,2019-03-22,8.7,8.17,8.8,8.07,465914,390223344.0,8.71,-2.51,-0.21,10.4
2104,2019-03-25,7.93,7.72,8.03,7.71,265365,208141320.0,3.92,-5.51,-0.45,5.92
2105,2019-03-26,7.72,7.28,7.77,7.23,172749,129616311.0,6.99,-5.7,-0.44,3.85
2106,2019-03-27,7.33,7.33,7.38,7.18,121516,88550831.0,2.75,0.69,0.05,2.71
2107,2019-03-28,7.34,7.18,7.37,7.16,104397,75827855.0,2.86,-2.05,-0.15,2.33
2108,2019-03-29,7.14,7.41,7.41,7.08,119663,87026742.0,4.6,3.2,0.23,2.67
2109,2019-04-01,7.43,7.66,7.7,7.42,164087,124320814.0,3.78,3.37,0.25,3.66
2110,2019-04-02,7.72,7.69,7.86,7.59,137181,105685701.0,3.52,0.39,0.03,3.06
2111,2019-04-03,7.67,7.79,7.8,7.55,128980,99349892.0,3.25,1.3,0.1,2.88
2112,2019-04-04,7.83,7.84,7.91,7.66,128357,99871985.0,3.21,0.64,0.05,2.86
2113,2019-04-08,7.85,7.6,7.91,7.44,130287,99983256.0,5.99,-3.06,-0.24,2.91
2114,2019-04-09,7.55,7.9,8.06,7.55,194659,153142779.0,6.71,3.95,0.3,4.34
2115,2019-04-10,7.81,7.96,8.05,7.74,163100,128770519.0,3.92,0.76,0.06,3.64
2116,2019-04-11,7.99,7.82,8.04,7.81,134668,106661766.0,2.89,-1.76,-0.14,3.0
2117,2019-04-12,7.82,7.74,7.86,7.6,94194,72590513.0,3.32,-1.02,-0.08,2.1
2118,2019-04-15,7.86,7.53,7.94,7.52,103808,80370821.0,5.43,-2.71,-0.21,2.32
2119,2019-04-16,7.49,7.7,7.72,7.33,97741,73287815.0,5.18,2.26,0.17,2.18
2120,2019-04-17,7.69,7.84,7.94,7.64,118761,92862007.0,3.9,1.82,0.14,2.65
2121,2019-04-18,7.87,7.99,8.14,7.86,155819,124602143.0,3.57,1.91,0.15,3.48
2122,2019-04-19,8.0,8.15,8.2,7.9,134835,108558001.0,3.75,2.0,0.16,3.01
2123,2019-04-22,8.21,7.96,8.4,7.95,150293,122182369.0,5.52,-2.33,-0.19,3.35
2124,2019-04-23,7.95,7.81,8.05,7.68,115033,90392012.0,4.65,-1.88,-0.15,2.57
2125,2019-04-24,7.81,7.88,7.88,7.64,76576,59429710.0,3.07,0.9,0.07,1.71
2126,2019-04-25,7.79,7.31,7.87,7.26,117292,88325081.0,7.74,-7.23,-0.57,2.62
2127,2019-04-26,7.3,7.44,7.56,7.26,80632,59952233.0,4.1,1.78,0.13,1.8
2128,2019-04-29,7.66,7.44,8.18,7.4,307121,243960398.0,10.48,0.0,0.0,6.85
2129,2019-04-30,6.7,6.87,7.05,6.7,190259,130347177.0,4.7,-7.66,-0.57,4.25
2130,2019-05-06,6.69,6.18,6.69,6.18,122522,78204900.0,7.42,-10.04,-0.69,2.73
2131,2019-05-07,6.29,6.28,6.39,6.12,71054,44468033.0,4.37,1.62,0.1,1.59
2132,2019-05-08,6.12,6.23,6.38,6.01,64927,40427767.0,5.89,-0.8,-0.05,1.45
2133,2019-05-09,6.2,6.46,6.49,6.12,101046,64348982.0,5.94,3.69,0.23,2.25
2134,2019-05-10,6.46,6.57,6.6,6.26,192205,124145878.0,5.26,1.7,0.11,4.29
2135,2019-05-13,6.44,6.37,6.45,6.32,72695,46476320.0,1.98,-3.04,-0.2,1.62
2136,2019-05-14,6.25,6.28,6.38,6.21,57111,36000387.0,2.67,-1.41,-0.09,1.27
2137,2019-05-15,6.33,6.39,6.47,6.29,60077,38246982.0,2.87,1.75,0.11,1.34
2138,2019-05-16,6.37,6.45,6.48,6.34,51732,33196979.0,2.19,0.94,0.06,1.15
2139,2019-05-17,6.49,6.13,6.5,6.08,86519,54305192.0,6.51,-4.96,-0.32,1.93
2140,2019-05-20,6.13,6.21,6.22,5.95,60935,37173023.0,4.4,1.31,0.08,1.36
2141,2019-05-21,6.18,6.26,6.34,6.16,57808,36215218.0,2.9,0.81,0.05,1.29
2142,2019-05-22,6.28,6.16,6.3,6.12,50285,31280034.0,2.88,-1.6,-0.1,1.12
2143,2019-05-23,6.15,6.1,6.24,6.07,54504,33500957.0,2.76,-0.97,-0.06,1.22
2144,2019-05-24,6.06,6.07,6.16,6.02,43393,26339852.0,2.3,-0.49,-0.03,0.97
2145,2019-05-27,6.06,6.26,6.26,6.04,48139,29658754.0,3.62,3.13,0.19,1.07
2146,2019-05-28,6.28,6.28,6.33,6.22,50731,31886302.0,1.76,0.32,0.02,1.13
2147,2019-05-29,6.26,6.29,6.33,6.22,39726,24929113.0,1.75,0.16,0.01,0.89
2148,2019-05-30,6.26,6.12,6.26,6.05,51256,31479026.0,3.34,-2.7,-0.17,1.14
2149,2019-05-31,6.12,6.16,6.28,6.11,51977,32305109.0,2.78,0.65,0.04,1.16
2150,2019-06-03,6.17,6.12,6.24,6.06,37504,23027109.0,2.92,-0.65,-0.04,0.84
2151,2019-06-04,6.12,5.98,6.16,5.94,45055,27137737.0,3.59,-2.29,-0.14,1.01
2152,2019-06-05,6.07,6.01,6.07,5.99,25856,15594391.0,1.34,0.5,0.03,0.58
2153,2019-06-06,6.06,5.9,6.06,5.8,41105,24267855.0,4.33,-1.83,-0.11,0.92
2154,2019-06-10,5.9,5.91,5.95,5.82,32049,18937579.0,2.2,0.17,0.01,0.72
2155,2019-06-11,6.0,6.17,6.17,6.0,69789,42579188.0,2.88,4.4,0.26,1.56
2156,2019-06-12,6.14,6.15,6.23,6.1,58968,36290045.0,2.11,-0.32,-0.02,1.32
2157,2019-06-13,6.2,6.2,6.24,6.13,53978,33426148.0,1.79,0.81,0.05,1.2
2158,2019-06-14,6.19,6.03,6.28,6.02,45903,28212833.0,4.19,-2.74,-0.17,1.02
2159,2019-06-17,6.03,6.13,6.15,5.98,33316,20273746.0,2.82,1.66,0.1,0.74
2160,2019-06-18,6.13,6.05,6.14,6.01,25290,15351347.0,2.12,-1.31,-0.08,0.56
2161,2019-06-19,6.15,6.11,6.19,6.11,45599,28034827.0,1.32,0.99,0.06,1.02
2162,2019-06-20,6.16,6.24,6.25,6.06,60709,37549801.0,3.11,2.13,0.13,1.35
2163,2019-06-21,6.4,6.38,6.5,6.33,95313,61139815.0,2.72,2.24,0.14,2.13
2164,2019-06-24,6.38,6.41,6.42,6.31,51007,32480500.0,1.72,0.47,0.03,1.14
2165,2019-06-25,6.37,6.27,6.41,6.19,47502,29732710.0,3.43,-2.18,-0.14,1.06
2166,2019-06-26,6.2,6.28,6.35,6.2,34687,21809972.0,2.39,0.16,0.01,0.77
2167,2019-06-27,6.28,6.31,6.38,6.27,30951,19561337.0,1.75,0.48,0.03,0.69
2168,2019-06-28,6.36,6.23,6.36,6.13,36620,22697080.0,3.65,-1.27,-0.08,0.82
2169,2019-07-01,6.37,6.39,6.42,6.32,58148,37019584.0,1.61,2.57,0.16,1.3
2170,2019-07-02,6.39,6.43,6.45,6.36,50927,32656459.0,1.41,0.63,0.04,1.14
2171,2019-07-03,6.36,6.31,6.42,6.28,40987,25915957.0,2.18,-1.87,-0.12,0.92
2172,2019-07-04,6.34,6.37,6.39,6.27,34630,21946156.0,1.9,0.95,0.06,0.77
2173,2019-07-05,6.35,6.3,6.37,6.28,25680,16218459.0,1.41,-1.1,-0.07,0.57
2174,2019-07-08,6.28,6.03,6.3,6.02,60256,36620944.0,4.44,-4.29,-0.27,1.35
2175,2019-07-09,6.05,6.33,6.58,6.01,90531,56728369.0,9.45,4.98,0.3,2.02
2176,2019-07-10,6.33,6.5,6.67,6.3,172146,112057824.0,5.85,2.69,0.17,3.85
2177,2019-07-11,6.44,6.53,6.59,6.37,97998,63667076.0,3.38,0.46,0.03,2.19
2178,2019-07-12,6.54,6.47,6.68,6.4,104938,68128355.0,4.29,-0.92,-0.06,2.34
2179,2019-07-15,6.47,6.67,6.72,6.33,113884,73995673.0,6.03,3.09,0.2,2.54
2180,2019-07-16,6.59,6.62,6.66,6.55,83142,54876909.0,1.65,-0.75,-0.05,1.86
2181,2019-07-17,6.57,6.48,6.62,6.45,77659,50647821.0,2.57,-2.11,-0.14,1.73
2182,2019-07-18,6.47,6.72,6.83,6.42,171173,113990282.0,6.33,3.7,0.24,3.82
2183,2019-07-19,6.71,7.13,7.2,6.67,266422,186662346.0,7.89,6.1,0.41,5.95
2184,2019-07-22,7.08,6.62,7.09,6.59,191851,129782462.0,7.01,-7.15,-0.51,4.29
2185,2019-07-23,6.62,6.73,6.78,6.53,102415,68375310.0,3.78,1.66,0.11,2.29
2186,2019-07-24,6.69,6.9,6.97,6.68,125238,85598081.0,4.31,2.53,0.17,2.8
2187,2019-07-25,6.81,6.82,6.93,6.73,92074,62862499.0,2.9,-1.16,-0.08,2.06
2188,2019-07-26,6.75,6.65,6.77,6.61,76399,51001054.0,2.35,-2.49,-0.17,1.71
2189,2019-07-29,6.54,6.36,6.54,6.3,134728,85945948.0,3.61,-4.36,-0.29,3.01
2190,2019-07-30,6.38,6.43,6.46,6.34,56379,36183701.0,1.89,1.1,0.07,1.26
2191,2019-07-31,6.4,6.39,6.44,6.35,37820,24147757.0,1.4,-0.62,-0.04,0.84
2192,2019-08-01,6.4,6.36,6.43,6.33,28172,17943383.0,1.56,-0.47,-0.03,0.63
2193,2019-08-02,6.2,6.18,6.22,6.1,56120,34502997.0,1.89,-2.83,-0.18,1.25
2194,2019-08-05,6.18,6.09,6.23,6.07,35173,21648082.0,2.59,-1.46,-0.09,0.79
2195,2019-08-06,6.0,5.89,6.09,5.77,67323,39631627.0,5.25,-3.28,-0.2,1.5
2196,2019-08-07,5.95,5.83,5.95,5.81,25436,14916834.0,2.38,-1.02,-0.06,0.57
2197,2019-08-08,5.81,5.86,5.92,5.81,26507,15549436.0,1.89,0.51,0.03,0.59
2198,2019-08-09,5.88,5.66,5.91,5.62,40638,23370262.0,4.95,-3.41,-0.2,0.91
2199,2019-08-12,5.65,5.78,5.79,5.65,24083,13801242.0,2.47,2.12,0.12,0.54
2200,2019-08-13,5.75,5.73,5.78,5.69,19291,11078168.0,1.56,-0.87,-0.05,0.43
2201,2019-08-14,5.82,5.75,5.85,5.74,21168,12271047.0,1.92,0.35,0.02,0.47
2202,2019-08-15,5.63,5.77,5.8,5.57,29491,16727805.0,4.0,0.35,0.02,0.66
2203,2019-08-16,5.77,5.79,5.86,5.73,24335,14138490.0,2.25,0.35,0.02,0.54
2204,2019-08-19,5.8,5.97,6.03,5.8,45566,27106994.0,3.97,3.11,0.18,1.02
2205,2019-08-20,5.96,5.93,6.03,5.92,30586,18276083.0,1.84,-0.67,-0.04,0.68
2206,2019-08-21,5.91,5.94,5.98,5.88,21607,12850348.0,1.69,0.17,0.01,0.48
2207,2019-08-22,5.98,6.01,6.05,5.95,27867,16720508.0,1.68,1.18,0.07,0.62
2208,2019-08-23,5.98,5.94,6.02,5.92,28356,16940996.0,1.66,-1.16,-0.07,0.63
2209,2019-08-26,5.82,5.87,5.92,5.77,30115,17595688.0,2.53,-1.18,-0.07,0.67
2210,2019-08-27,5.95,6.05,6.08,5.89,53290,32026287.0,3.24,3.07,0.18,1.19
2211,2019-08-28,6.02,6.04,6.08,5.99,27120,16384417.0,1.49,-0.17,-0.01,0.61
2212,2019-08-29,6.06,6.06,6.11,6.02,26371,15988303.0,1.49,0.33,0.02,0.59
2213,2019-08-30,6.06,5.86,6.13,5.83,39398,23590173.0,4.95,-3.3,-0.2,0.88
2214,2019-09-02,5.93,6.14,6.16,5.89,56872,34630095.0,4.61,4.78,0.28,1.27
2215,2019-09-03,6.16,6.14,6.17,6.08,35129,21497958.0,1.47,0.0,0.0,0.78
2216,2019-09-04,6.14,6.15,6.22,6.07,47801,29333916.0,2.44,0.16,0.01,1.07
2217,2019-09-05,6.19,6.19,6.29,6.16,61147,37988435.0,2.11,0.65,0.04,1.37
2218,2019-09-06,6.22,6.25,6.34,6.19,45791,28703801.0,2.42,0.97,0.06,1.02
2219,2019-09-09,6.32,6.42,6.44,6.28,52537,33489617.0,2.56,2.72,0.17,1.17
2220,2019-09-10,6.43,6.44,6.48,6.32,63117,40400779.0,2.49,0.31,0.02,1.41
2221,2019-09-11,6.44,6.38,6.54,6.38,52037,33583100.0,2.48,-0.93,-0.06,1.16
2222,2019-09-12,6.38,6.44,6.46,6.36,29789,19121900.0,1.57,0.94,0.06,0.67
2223,2019-09-16,6.44,6.48,6.56,6.44,44691,29055966.0,1.86,0.62,0.04,1.0
2224,2019-09-17,6.45,6.27,6.51,6.24,64225,40605974.0,4.17,-3.24,-0.21,1.43
2225,2019-09-18,6.27,6.29,6.39,6.26,36336,22952355.0,2.07,0.32,0.02,0.81
2226,2019-09-19,6.34,6.4,6.41,6.25,44892,28542276.0,2.54,1.75,0.11,1.0
2227,2019-09-20,6.68,6.45,6.99,6.44,184533,122189618.0,8.59,0.78,0.05,4.12
2228,2019-09-23,6.4,6.27,6.44,6.22,85012,53578739.0,3.41,-2.79,-0.18,1.9
2229,2019-09-24,6.25,6.26,6.38,6.25,60296,38005955.0,2.07,-0.16,-0.01,1.35
2230,2019-09-25,6.23,6.03,6.23,6.02,67476,41182610.0,3.35,-3.67,-0.23,1.51
2231,2019-09-26,6.08,5.85,6.09,5.85,51151,30339371.0,3.98,-2.99,-0.18,1.14
2232,2019-09-27,5.85,5.9,5.95,5.82,30938,18291433.0,2.22,0.85,0.05,0.69
2233,2019-09-30,5.92,5.81,5.93,5.81,24736,14496866.0,2.03,-1.53,-0.09,0.55
2234,2019-10-08,5.82,5.82,5.89,5.81,21995,12855374.0,1.38,0.17,0.01,0.49
2235,2019-10-09,5.81,5.88,5.88,5.75,25085,14595275.0,2.23,1.03,0.06,0.56
2236,2019-10-10,5.88,5.94,5.97,5.84,29158,17223698.0,2.21,1.02,0.06,0.65
2237,2019-10-11,5.95,5.94,6.02,5.88,33667,19999554.0,2.36,0.0,0.0,0.75
2238,2019-10-14,5.99,6.04,6.11,5.98,43677,26411143.0,2.19,1.68,0.1,0.98
2239,2019-10-15,6.03,6.04,6.06,5.96,29168,17540716.0,1.66,0.0,0.0,0.65
2240,2019-10-16,6.06,5.99,6.09,5.97,33483,20175799.0,1.99,-0.83,-0.05,0.75
2241,2019-10-17,5.99,5.98,6.04,5.95,25196,15121046.0,1.5,-0.17,-0.01,0.56
2242,2019-10-18,5.97,5.89,6.03,5.87,26337,15664084.0,2.68,-1.51,-0.09,0.59
2243,2019-10-21,5.95,5.93,5.97,5.86,20975,12424302.0,1.87,0.68,0.04,0.47
2244,2019-10-22,5.93,5.95,5.95,5.84,23092,13628439.0,1.85,0.34,0.02,0.52
2245,2019-10-23,5.96,5.92,5.98,5.88,24449,14505705.0,1.68,-0.5,-0.03,0.55
2246,2019-10-24,5.86,5.9,5.94,5.85,18475,10883616.0,1.52,-0.34,-0.02,0.41
2247,2019-10-25,5.92,5.97,5.97,5.88,21508,12750845.0,1.53,1.19,0.07,0.48
2248,2019-10-28,5.97,6.13,6.14,5.97,40345,24518972.0,2.85,2.68,0.16,0.9
2249,2019-10-29,6.1,6.04,6.13,6.02,31287,18990130.0,1.79,-1.47,-0.09,0.7
2250,2019-10-30,6.04,5.9,6.04,5.89,31193,18534690.0,2.48,-2.32,-0.14,0.7
2251,2019-10-31,5.92,5.79,5.93,5.76,33216,19357369.0,2.88,-1.86,-0.11,0.74
2252,2019-11-01,5.75,5.84,5.89,5.73,24412,14200510.0,2.76,0.86,0.05,0.55
2253,2019-11-04,5.85,5.81,5.87,5.77,22563,13146232.0,1.71,-0.51,-0.03,0.5
2254,2019-11-05,5.78,5.76,5.81,5.7,23611,13589034.0,1.89,-0.86,-0.05,0.53
2255,2019-11-06,5.78,5.72,5.82,5.7,21658,12475408.0,2.08,-0.69,-0.04,0.48
2256,2019-11-07,5.72,5.75,5.81,5.71,20492,11805084.0,1.75,0.52,0.03,0.46
2257,2019-11-08,5.8,5.72,5.81,5.72,15757,9073351.0,1.57,-0.52,-0.03,0.35
2258,2019-11-11,5.72,5.58,5.72,5.55,28284,15843407.0,2.97,-2.45,-0.14,0.63
2259,2019-11-12,5.58,5.62,5.63,5.55,16229,9061642.0,1.43,0.72,0.04,0.36
2260,2019-11-13,5.63,5.59,5.65,5.58,13921,7798819.0,1.25,-0.53,-0.03,0.31
2261,2019-11-14,5.58,5.64,5.68,5.58,15663,8844800.0,1.79,0.89,0.05,0.35
2262,2019-11-15,5.64,5.56,5.67,5.55,19244,10758964.0,2.13,-1.42,-0.08,0.43
2263,2019-11-18,5.56,5.56,5.6,5.53,17149,9538240.0,1.26,0.0,0.0,0.38
2264,2019-11-19,5.56,5.71,5.71,5.54,27276,15406384.0,3.06,2.7,0.15,0.61
2265,2019-11-20,5.68,5.65,5.72,5.6,21590,12272050.0,2.1,-1.05,-0.06,0.48
2266,2019-11-21,5.67,5.63,5.67,5.58,20123,11335700.0,1.59,-0.35,-0.02,0.45
2267,2019-11-22,5.63,5.57,5.7,5.55,26878,15072403.0,2.66,-1.07,-0.06,0.6
2268,2019-11-25,5.58,5.7,5.73,5.57,32403,18338433.0,2.87,2.33,0.13,0.72
2269,2019-11-26,5.69,5.63,5.74,5.62,22079,12492379.0,2.11,-1.23,-0.07,0.49
2270,2019-11-27,5.62,5.76,5.97,5.61,68852,40026024.0,6.39,2.31,0.13,1.54
2271,2019-11-28,5.8,5.97,6.19,5.74,128396,77058190.0,7.81,3.65,0.21,2.87
2272,2019-11-29,5.86,5.86,5.9,5.74,78117,45329379.0,2.68,-1.84,-0.11,1.74
2273,2019-12-02,5.85,5.9,5.95,5.79,57887,34042255.0,2.73,0.68,0.04,1.29
2274,2019-12-03,5.85,5.84,5.88,5.77,40355,23428381.0,1.86,-1.02,-0.06,0.9
2275,2019-12-04,5.79,5.76,5.83,5.73,34665,19961018.0,1.71,-1.37,-0.08,0.77
2276,2019-12-05,5.77,5.79,5.82,5.76,31653,18307913.0,1.04,0.52,0.03,0.71
2277,2019-12-06,5.78,5.79,5.8,5.71,28285,16310122.0,1.55,0.0,0.0,0.63
2278,2019-12-09,5.81,5.77,5.83,5.75,32925,19019982.0,1.38,-0.35,-0.02,0.74
2279,2019-12-10,5.78,5.88,5.89,5.74,56269,32701590.0,2.6,1.91,0.11,1.26
2280,2019-12-11,5.83,5.82,5.87,5.79,33123,19287098.0,1.36,-1.02,-0.06,0.74
2281,2019-12-12,5.81,5.77,5.81,5.75,27024,15605488.0,1.03,-0.86,-0.05,0.6
2282,2019-12-13,5.81,5.85,5.87,5.78,42577,24803393.0,1.56,1.39,0.08,0.95
2283,2019-12-16,5.86,5.93,5.95,5.83,49670,29280408.0,2.05,1.37,0.08,1.11
2284,2019-12-17,5.91,5.98,6.0,5.91,60164,35846336.0,1.52,0.84,0.05,1.34
2285,2019-12-18,5.98,5.98,6.02,5.95,50670,30314126.0,1.17,0.0,0.0,1.13
2286,2019-12-19,5.96,6.0,6.04,5.96,46957,28183014.0,1.34,0.33,0.02,1.05
2287,2019-12-20,6.02,5.93,6.05,5.92,45090,27009614.0,2.17,-1.17,-0.07,1.01
2288,2019-12-23,5.94,5.78,5.96,5.76,44721,26267662.0,3.37,-2.53,-0.15,1.0
2289,2019-12-24,5.8,5.87,5.89,5.78,23553,13719967.0,1.9,1.56,0.09,0.53
2290,2019-12-25,5.86,5.87,5.91,5.83,30820,18115523.0,1.36,0.0,0.0,0.69
2291,2019-12-26,5.88,5.9,5.91,5.85,40817,24005752.0,1.02,0.51,0.03,0.91
2292,2019-12-27,5.92,5.85,5.98,5.84,45001,26635614.0,2.37,-0.85,-0.05,1.01
2293,2019-12-30,5.86,5.9,5.9,5.76,32604,19021395.0,2.39,0.85,0.05,0.73
2294,2019-12-31,5.88,5.91,5.92,5.84,36589,21519707.0,1.36,0.17,0.01,0.82
2295,2020-01-02,5.95,6.04,6.04,5.93,67427,40441788.0,1.86,2.2,0.13,1.5
2296,2020-01-03,6.03,6.03,6.07,5.99,50190,30268363.0,1.32,-0.17,-0.01,1.12
2297,2020-01-06,6.02,6.1,6.22,5.97,110525,67370159.0,4.15,1.16,0.07,2.47
2298,2020-01-07,6.1,6.22,6.24,6.09,71041,43856510.0,2.46,1.97,0.12,1.59
2299,2020-01-08,6.2,6.13,6.24,6.11,68885,42525848.0,2.09,-1.45,-0.09,1.54
2300,2020-01-09,6.18,6.21,6.29,6.18,54907,34164153.0,1.79,1.31,0.08,1.23
2301,2020-01-10,6.25,6.18,6.25,6.16,46406,28783170.0,1.45,-0.48,-0.03,1.04
2302,2020-01-13,6.18,6.35,6.35,6.16,80292,50315854.0,3.07,2.75,0.17,1.79
2303,2020-01-14,6.35,6.53,6.53,6.32,115708,74691368.0,3.31,2.83,0.18,2.58
2304,2020-01-15,6.51,6.82,6.91,6.43,222771,148570303.0,7.35,4.44,0.29,4.97
2305,2020-01-16,6.76,7.5,7.5,6.67,280587,201603529.0,12.17,9.97,0.68,6.26
2306,2020-01-17,7.6,6.97,8.15,6.75,712820,521891600.0,18.67,-7.07,-0.53,15.91
2307,2020-01-20,6.6,6.41,6.78,6.3,374280,243458406.0,6.89,-8.03,-0.56,8.35
2308,2020-01-21,6.36,6.35,6.54,6.26,152257,97439762.0,4.37,-0.94,-0.06,3.4
2309,2020-01-22,6.32,6.36,6.49,6.28,124467,79312309.0,3.31,0.16,0.01,2.78
2310,2020-01-23,6.31,6.13,6.34,6.08,162489,100361055.0,4.09,-3.62,-0.23,3.63
2311,2020-02-03,5.52,5.52,5.54,5.52,75659,41769014.0,0.33,-9.95,-0.61,1.69
2312,2020-02-04,5.27,5.55,5.64,5.27,113874,63000147.0,6.7,0.54,0.03,2.54
2313,2020-02-05,5.55,5.63,5.75,5.5,107618,60600058.0,4.5,1.44,0.08,2.4
2314,2020-02-06,5.6,5.72,5.79,5.54,111640,63171924.0,4.44,1.6,0.09,2.49
2315,2020-02-07,5.69,5.73,5.78,5.61,96610,54924516.0,2.97,0.17,0.01,2.16
2316,2020-02-10,5.69,5.87,5.89,5.67,100640,58285213.0,3.84,2.44,0.14,2.25
2317,2020-02-11,5.84,5.82,5.92,5.81,69052,40394662.0,1.87,-0.85,-0.05,1.54
2318,2020-02-12,5.82,5.88,5.91,5.78,74585,43698730.0,2.23,1.03,0.06,1.66
2319,2020-02-13,5.88,5.77,5.93,5.73,78454,45484683.0,3.4,-1.87,-0.11,1.75
2320,2020-02-14,5.74,5.76,5.8,5.71,50724,29171535.0,1.56,-0.17,-0.01,1.13
2321,2020-02-17,5.85,6.01,6.04,5.81,97535,57758630.0,3.99,4.34,0.25,2.18
2322,2020-02-18,6.02,6.13,6.13,5.98,101097,61304060.0,2.5,2.0,0.12,2.26
2323,2020-02-19,6.14,6.45,6.53,6.07,225596,142614286.0,7.5,5.22,0.32,5.03
2324,2020-02-20,6.39,6.44,6.48,6.25,178825,114086962.0,3.57,-0.16,-0.01,3.99
2325,2020-02-21,6.38,6.46,6.6,6.37,166122,107493810.0,3.57,0.31,0.02,3.71
2326,2020-02-24,6.4,6.62,6.74,6.37,165839,109384412.0,5.73,2.48,0.16,3.7
2327,2020-02-25,6.51,7.02,7.13,6.42,316057,214177893.0,10.73,6.04,0.4,7.05
2328,2020-02-26,6.95,6.67,7.02,6.61,205372,140608476.0,5.84,-4.99,-0.35,4.58
2329,2020-02-27,6.72,6.59,6.77,6.47,141922,93604214.0,4.5,-1.2,-0.08,3.17
2330,2020-02-28,6.45,6.12,6.46,6.1,155773,97605226.0,5.46,-7.13,-0.47,3.48
2331,2020-03-02,6.16,6.53,6.6,6.16,151945,97600041.0,7.19,6.7,0.41,3.39
2332,2020-03-03,6.68,6.57,6.77,6.51,135912,90225648.0,3.98,0.61,0.04,3.03
2333,2020-03-04,6.55,6.75,6.8,6.52,127045,84844709.0,4.26,2.74,0.18,2.83
2334,2020-03-05,6.89,6.87,7.0,6.77,150708,103593563.0,3.41,1.78,0.12,3.36
2335,2020-03-06,6.75,6.92,7.08,6.71,128414,88862316.0,5.39,0.73,0.05,2.87
2336,2020-03-09,6.8,6.86,7.21,6.75,208533,146550315.0,6.65,-0.87,-0.06,4.65
2337,2020-03-10,6.63,7.06,7.07,6.53,177855,121253550.0,7.87,2.92,0.2,3.97
2338,2020-03-11,7.14,6.97,7.3,6.97,202607,144851796.0,4.67,-1.27,-0.09,4.52
2339,2020-03-12,6.89,6.75,6.94,6.65,123135,83932352.0,4.16,-3.16,-0.22,2.75
2340,2020-03-13,6.45,6.92,6.97,6.39,175361,117269802.0,8.59,2.52,0.17,3.91
2341,2020-03-16,6.94,6.75,7.22,6.68,207889,144854377.0,7.8,-2.46,-0.17,4.64
2342,2020-03-17,6.85,7.19,7.43,6.75,351420,249673057.0,10.07,6.52,0.44,7.84
2343,2020-03-18,7.1,6.92,7.37,6.91,312314,223949921.0,6.4,-3.76,-0.27,6.97
2344,2020-03-19,6.81,7.37,7.37,6.81,309077,221132984.0,8.09,6.5,0.45,6.9
2345,2020-03-20,7.39,7.39,7.59,7.16,265367,194850392.0,5.83,0.27,0.02,5.92
2346,2020-03-23,7.23,7.25,7.6,7.16,275829,203963355.0,5.95,-1.89,-0.14,6.15
2347,2020-03-24,7.19,6.65,7.26,6.53,392892,268804560.0,10.07,-8.28,-0.6,8.77
2348,2020-03-25,6.66,7.01,7.15,6.66,288885,199175344.0,7.37,5.41,0.36,6.45
2349,2020-03-26,6.92,6.55,7.01,6.55,236282,158651854.0,6.56,-6.56,-0.46,5.27
2350,2020-03-27,6.66,6.44,6.75,6.43,164332,108355946.0,4.89,-1.68,-0.11,3.67
2351,2020-03-30,6.3,6.15,6.3,6.03,147362,90466922.0,4.19,-4.5,-0.29,3.29
2352,2020-03-31,6.2,5.99,6.23,5.99,86762,52876628.0,3.9,-2.6,-0.16,1.94
2353,2020-04-01,5.94,5.92,6.09,5.91,69989,42038505.0,3.01,-1.17,-0.07,1.56
2354,2020-04-02,5.86,6.09,6.09,5.86,55532,33293045.0,3.89,2.87,0.17,1.24
2355,2020-04-03,6.05,6.02,6.11,5.96,50462,30460895.0,2.46,-1.15,-0.07,1.13
2356,2020-04-07,6.13,6.23,6.24,6.09,63524,39254879.0,2.49,3.49,0.21,1.42
2357,2020-04-08,6.2,6.19,6.2,6.12,63566,39159148.0,1.28,-0.64,-0.04,1.42
2358,2020-04-09,6.19,6.27,6.31,6.19,70980,44334024.0,1.94,1.29,0.08,1.58
2359,2020-04-10,6.25,6.09,6.27,6.05,59117,36278199.0,3.51,-2.87,-0.18,1.32
2360,2020-04-13,6.04,5.95,6.08,5.91,49201,29338249.0,2.79,-2.3,-0.14,1.1
2361,2020-04-14,5.96,6.05,6.07,5.95,33467,20140541.0,2.02,1.68,0.1,0.75
2362,2020-04-15,6.06,6.05,6.11,6.01,47324,28677647.0,1.65,0.0,0.0,1.06
2363,2020-04-16,6.02,6.22,6.26,5.96,84984,52354049.0,4.96,2.81,0.17,1.9
2364,2020-04-17,6.25,6.46,6.7,6.17,169933,108814975.0,8.52,3.86,0.24,3.79
2365,2020-04-20,6.42,6.5,6.59,6.35,103438,66776467.0,3.72,0.62,0.04,2.31
2366,2020-04-21,6.42,6.42,6.5,6.28,75912,48325924.0,3.38,-1.23,-0.08,1.69
2367,2020-04-22,6.39,6.59,6.65,6.3,116449,75588549.0,5.45,2.65,0.17,2.6
2368,2020-04-23,6.59,6.45,6.64,6.38,89177,57990357.0,3.95,-2.12,-0.14,1.99
2369,2020-04-24,6.51,6.25,6.51,6.22,73367,46424093.0,4.5,-3.1,-0.2,1.64
2370,2020-04-27,6.3,6.35,6.46,6.24,81198,51597232.0,3.52,1.6,0.1,1.81
2371,2020-04-28,6.27,6.03,6.34,5.92,99563,60663857.0,6.61,-5.04,-0.32,2.22
2372,2020-04-29,6.02,6.01,6.1,5.93,43283,26040598.0,2.82,-0.33,-0.02,0.97
2373,2020-04-30,6.03,6.1,6.13,6.0,43965,26758737.0,2.16,1.5,0.09,0.98
2374,2020-05-06,6.04,6.2,6.22,6.03,51531,31641958.0,3.11,1.64,0.1,1.15
2375,2020-05-07,6.25,6.23,6.45,6.13,80981,50666808.0,5.16,0.48,0.03,1.81
2376,2020-05-08,6.24,6.28,6.3,6.2,49565,31021855.0,1.61,0.8,0.05,1.11
2377,2020-05-11,6.33,6.16,6.33,6.13,56942,35352507.0,3.18,-1.91,-0.12,1.27
2378,2020-05-12,6.14,6.08,6.17,6.0,43133,26168689.0,2.76,-1.3,-0.08,0.96
2379,2020-05-13,6.06,6.11,6.14,6.03,30970,18875525.0,1.81,0.49,0.03,0.69
2380,2020-05-14,6.07,6.04,6.1,6.03,32120,19470082.0,1.15,-1.15,-0.07,0.72
2381,2020-05-15,6.04,6.1,6.19,6.04,38600,23657719.0,2.48,0.99,0.06,0.86
2382,2020-05-18,6.13,6.12,6.2,6.08,37799,23242708.0,1.97,0.33,0.02,0.84
2383,2020-05-19,6.09,5.94,6.12,5.87,101751,60884122.0,4.08,-2.94,-0.18,2.27
2384,2020-05-20,5.93,5.72,5.93,5.69,80774,46651051.0,4.04,-3.7,-0.22,1.8
2385,2020-05-21,5.71,5.73,5.79,5.71,28704,16499452.0,1.4,0.17,0.01,0.64
2386,2020-05-22,5.7,5.59,5.75,5.58,35336,19912402.0,2.97,-2.44,-0.14,0.79
2387,2020-05-25,5.62,5.58,5.62,5.57,17789,9955097.0,0.89,-0.18,-0.01,0.4
2388,2020-05-26,5.64,5.72,5.75,5.61,26324,14996478.0,2.51,2.51,0.14,0.59
2389,2020-05-27,5.72,5.7,5.77,5.68,21984,12555077.0,1.57,-0.35,-0.02,0.49
2390,2020-05-28,5.69,5.67,5.76,5.61,23715,13441475.0,2.63,-0.53,-0.03,0.53
2391,2020-05-29,5.63,5.68,5.7,5.62,23156,13105543.0,1.41,0.18,0.01,0.52
2392,2020-06-01,5.7,5.86,5.9,5.7,41381,24126540.0,3.52,3.17,0.18,0.92
2393,2020-06-02,5.86,5.85,5.93,5.8,35468,20736252.0,2.22,-0.17,-0.01,0.79
2394,2020-06-03,5.85,5.82,5.9,5.82,27571,16158225.0,1.37,-0.51,-0.03,0.62
2395,2020-06-04,5.83,5.87,5.92,5.83,30628,17974491.0,1.55,0.86,0.05,0.68
2396,2020-06-05,5.86,5.97,5.98,5.82,37173,21900222.0,2.73,1.7,0.1,0.83
2397,2020-06-08,5.94,5.76,5.97,5.75,49257,28699126.0,3.69,-3.52,-0.21,1.1
2398,2020-06-09,5.77,5.76,5.79,5.71,19869,11437410.0,1.39,0.0,0.0,0.44
2399,2020-06-10,5.76,5.8,5.8,5.73,15106,8706509.0,1.22,0.69,0.04,0.34
2400,2020-06-11,5.79,5.73,5.82,5.73,19105,11013775.0,1.55,-1.21,-0.07,0.43
2401,2020-06-12,5.7,5.69,5.73,5.63,22852,12960903.0,1.75,-0.7,-0.04,0.51
2402,2020-06-15,5.68,5.68,5.76,5.68,18441,10537232.0,1.41,-0.18,-0.01,0.41
2403,2020-06-16,5.75,5.76,5.77,5.71,20305,11653323.0,1.06,1.41,0.08,0.45
2404,2020-06-17,5.76,5.74,5.77,5.7,21589,12372654.0,1.22,-0.35,-0.02,0.48
2405,2020-06-18,5.75,5.81,5.86,5.74,36459,21160231.0,2.09,1.22,0.07,0.81
2406,2020-06-19,5.8,5.89,5.91,5.79,35781,20997778.0,2.07,1.38,0.08,0.8
2407,2020-06-22,5.92,5.88,5.93,5.85,27289,16054093.0,1.36,-0.17,-0.01,0.61
2408,2020-06-23,5.9,5.85,5.94,5.82,21265,12467071.0,2.04,-0.51,-0.03,0.47
2409,2020-06-24,5.85,5.76,5.86,5.76,20452,11862478.0,1.71,-1.54,-0.09,0.46
2410,2020-06-29,5.77,5.86,5.92,5.72,36649,21420443.0,3.47,1.74,0.1,0.82
2411,2020-06-30,5.86,5.87,5.92,5.83,28744,16915766.0,1.54,0.17,0.01,0.61
2412,2020-07-01,5.89,5.79,5.89,5.73,43557,25247300.0,2.73,-1.36,-0.08,0.93
2413,2020-07-02,5.79,5.86,5.86,5.75,65977,38198185.0,1.9,1.21,0.07,1.4
2414,2020-07-03,5.85,5.98,5.99,5.85,77352,45770087.0,2.39,2.05,0.12,1.64
2415,2020-07-06,6.0,6.16,6.18,5.98,144120,87716607.0,3.34,3.01,0.18,3.06
2416,2020-07-07,6.19,6.18,6.31,6.13,112326,69760419.0,2.92,0.32,0.02,2.39
2417,2020-07-08,6.18,6.3,6.33,6.1,104574,64913987.0,3.72,1.94,0.12,2.22
2418,2020-07-09,6.31,6.4,6.4,6.25,113293,71748895.0,2.38,1.59,0.1,2.41
2419,2020-07-10,6.35,6.41,6.53,6.31,119833,76659014.0,3.44,0.16,0.01,2.55
2420,2020-07-13,6.39,6.53,6.6,6.35,97215,63360969.0,3.9,1.87,0.12,2.07
2421,2020-07-14,6.52,6.43,6.62,6.35,91357,59166758.0,4.13,-1.53,-0.1,1.94
2422,2020-07-15,6.44,6.28,6.51,6.21,100225,63375531.0,4.67,-2.33,-0.15,2.13
2423,2020-07-16,6.25,6.14,6.37,6.07,84657,52815983.0,4.78,-2.23,-0.14,1.8
2424,2020-07-17,6.15,6.12,6.25,6.05,43776,26802894.0,3.26,-0.33,-0.02,0.93
2425,2020-07-20,6.19,6.35,6.37,6.18,64876,40802332.0,3.1,3.76,0.23,1.38
2426,2020-07-21,6.49,6.39,6.58,6.35,88540,57084150.0,3.62,0.63,0.04,1.88
2427,2020-07-22,6.36,6.34,6.45,6.32,56341,35992284.0,2.03,-0.78,-0.05,1.2
2428,2020-07-23,6.27,6.28,6.31,6.12,54883,34167776.0,3.0,-0.95,-0.06,1.17
2429,2020-07-24,6.25,6.19,6.43,6.1,76112,47716089.0,5.25,-1.43,-0.09,1.62
2430,2020-07-27,6.21,6.36,6.39,6.19,64831,40731451.0,3.23,2.75,0.17,1.38
2431,2020-07-28,6.36,6.33,6.4,6.25,41966,26505119.0,2.36,-0.47,-0.03,0.89
2432,2020-07-29,6.3,6.42,6.42,6.26,71997,45752196.0,2.53,1.42,0.09,1.53
2433,2020-07-30,6.41,6.35,6.49,6.32,69466,44259560.0,2.65,-1.09,-0.07,1.48
2434,2020-07-31,6.34,6.57,6.6,6.3,138146,89651555.0,4.72,3.46,0.22,2.93
2435,2020-08-03,6.54,6.71,6.73,6.52,106361,70844257.0,3.2,2.13,0.14,2.25
2436,2020-08-04,6.75,6.67,6.82,6.6,98239,65795998.0,3.28,-0.6,-0.04,2.07
2437,2020-08-05,6.72,6.84,6.92,6.6,110200,74833309.0,4.8,2.55,0.17,2.33
2438,2020-08-06,6.87,6.82,7.03,6.72,84219,57566757.0,4.53,-0.29,-0.02,1.78
2439,2020-08-07,6.84,6.72,6.84,6.56,95726,63842245.0,4.11,-1.47,-0.1,2.02
2440,2020-08-10,6.72,6.99,7.13,6.65,141406,98329961.0,7.14,4.02,0.27,2.98
2441,2020-08-11,6.99,6.71,7.03,6.7,107940,73799223.0,4.72,-4.01,-0.28,2.28
2442,2020-08-12,6.68,6.74,6.74,6.56,77760,51507983.0,2.68,0.45,0.03,1.64
2443,2020-08-13,6.7,6.78,6.92,6.68,85055,57846566.0,3.56,0.59,0.04,1.8
2444,2020-08-14,6.77,6.8,6.84,6.63,56074,37857383.0,3.1,0.29,0.02,1.18
2445,2020-08-17,6.83,6.85,6.92,6.7,88457,60409679.0,3.24,0.74,0.05,1.87
2446,2020-08-18,6.93,6.91,6.95,6.83,72812,50206064.0,1.75,0.88,0.06,1.54
2447,2020-08-19,6.91,6.83,6.97,6.75,68462,46911898.0,3.18,-1.16,-0.08,1.45
2448,2020-08-20,6.78,6.7,6.87,6.65,53686,36151395.0,3.22,-1.9,-0.13,1.13
2449,2020-08-21,6.72,6.67,6.79,6.62,49685,33272341.0,2.54,-0.45,-0.03,1.05
2450,2020-08-24,6.72,6.86,6.95,6.62,69588,47440469.0,4.95,2.85,0.19,1.47
2451,2020-08-25,6.9,7.07,7.14,6.81,142517,100047008.0,4.81,3.06,0.21,3.01
2452,2020-08-26,7.11,6.87,7.2,6.78,135777,94920376.0,5.94,-2.83,-0.2,2.87
2453,2020-08-27,6.87,7.27,7.3,6.75,180042,127518268.0,8.01,5.82,0.4,3.8
2454,2020-08-28,7.26,7.16,7.26,7.11,130962,93956785.0,2.06,-1.51,-0.11,2.76
2455,2020-08-31,7.32,7.16,7.38,7.05,126302,90727884.0,4.61,0.0,0.0,2.67
2456,2020-09-01,7.16,7.34,7.35,7.02,132208,95066383.0,4.61,2.51,0.18,2.79
2457,2020-09-02,7.32,7.68,7.98,7.3,316968,241465881.0,9.26,4.63,0.34,6.69
2458,2020-09-03,7.62,7.78,7.96,7.53,225585,174413966.0,5.6,1.3,0.1,4.76
2459,2020-09-04,7.63,8.19,8.47,7.52,322601,259127261.0,12.21,5.27,0.41,6.81
2460,2020-09-07,8.31,8.15,8.75,8.09,382887,321338567.0,8.06,-0.49,-0.04,8.08
2461,2020-09-08,8.02,8.69,8.7,7.94,319096,266309053.0,9.33,6.63,0.54,6.74
2462,2020-09-09,8.51,7.83,9.1,7.76,425130,364186151.0,15.42,-9.9,-0.86,8.97
2463,2020-09-10,7.81,6.91,7.9,6.79,342341,248801774.0,14.18,-11.75,-0.92,7.23
2464,2020-09-11,6.86,7.22,7.41,6.79,196873,141412205.0,8.97,4.49,0.31,4.16
2465,2020-09-14,7.33,7.57,7.65,7.21,224243,167071344.0,6.09,4.85,0.35,4.73
2466,2020-09-15,7.52,7.41,7.74,7.3,182768,136738059.0,5.81,-2.11,-0.16,3.86
2467,2020-09-16,7.42,7.26,7.5,7.14,119223,86980455.0,4.86,-2.02,-0.15,2.52
2468,2020-09-17,7.25,7.27,7.37,7.12,106371,77191370.0,3.44,0.14,0.01,2.25
2469,2020-09-18,7.27,7.25,7.34,7.07,110348,79781209.0,3.71,-0.28,-0.02,2.33
2470,2020-09-21,7.26,7.16,7.34,7.13,105956,76559056.0,2.9,-1.24,-0.09,2.24
2471,2020-09-22,7.0,7.01,7.17,6.93,105189,74231578.0,3.35,-2.09,-0.15,2.22
2472,2020-09-23,7.07,7.33,7.42,7.02,162732,118348422.0,5.71,4.56,0.32,3.44
2473,2020-09-24,7.22,7.04,7.51,6.99,183269,132656566.0,7.09,-3.96,-0.29,3.87
2474,2020-09-25,7.12,7.03,7.17,6.91,95327,66920723.0,3.69,-0.14,-0.01,2.01
2475,2020-09-28,7.02,6.69,7.03,6.68,100999,68715248.0,4.98,-4.84,-0.34,2.13
2476,2020-09-29,6.79,7.07,7.23,6.71,150452,105241252.0,7.77,5.68,0.38,3.18
2477,2020-09-30,7.13,6.93,7.13,6.88,87604,61188904.0,3.54,-1.98,-0.14,1.85
2478,2020-10-09,7.0,7.18,7.24,7.0,96063,68564839.0,3.46,3.61,0.25,2.03
2479,2020-10-12,7.23,7.62,7.65,7.15,200603,150243156.0,6.96,6.13,0.44,4.23
2480,2020-10-13,7.62,7.61,7.73,7.55,126414,96528607.0,2.36,-0.13,-0.01,2.67
2481,2020-10-14,7.56,7.6,7.76,7.55,129898,99092202.0,2.76,-0.13,-0.01,2.74
2482,2020-10-15,7.63,7.76,7.83,7.56,150965,116099837.0,3.55,2.11,0.16,3.19
2483,2020-10-16,7.69,7.67,7.8,7.5,124989,95418802.0,3.87,-1.16,-0.09,2.64
2484,2020-10-19,7.7,7.7,7.88,7.63,98351,76122793.0,3.26,0.39,0.03,2.08
2485,2020-10-20,7.61,7.84,7.85,7.61,128666,100144533.0,3.12,1.82,0.14,2.72
2486,2020-10-21,7.83,7.66,7.83,7.58,100194,76860053.0,3.19,-2.3,-0.18,2.12
2487,2020-10-22,7.65,7.74,7.8,7.48,105560,80839312.0,4.18,1.04,0.08,2.23
2488,2020-10-23,7.79,7.9,8.05,7.75,202132,160020685.0,3.88,2.07,0.16,4.27
2489,2020-10-26,8.05,8.15,8.26,7.83,200649,162327327.0,5.44,3.16,0.25,4.24
2490,2020-10-27,8.04,7.92,8.07,7.72,165513,130494394.0,4.29,-2.82,-0.23,3.49
2491,2020-10-28,7.85,8.34,8.48,7.84,282097,233063600.0,8.08,5.3,0.42,5.95
2492,2020-10-29,8.17,8.18,8.36,8.11,202975,166425726.0,3.0,-1.92,-0.16,4.28
2493,2020-10-30,8.3,7.84,8.57,7.79,260940,214316356.0,9.54,-4.16,-0.34,5.51
2494,2020-11-02,7.89,8.13,8.24,7.89,198674,160388519.0,4.46,3.7,0.29,4.19
2495,2020-11-03,8.2,8.39,8.41,8.07,198503,164587034.0,4.18,3.2,0.26,4.19
2496,2020-11-04,8.35,8.34,8.36,8.08,179146,147097175.0,3.34,-0.6,-0.05,3.78
2497,2020-11-05,8.35,8.47,8.55,8.25,194779,163786662.0,3.6,1.56,0.13,4.11
2498,2020-11-06,8.43,8.26,8.45,8.11,147894,122115390.0,4.01,-2.48,-0.21,3.12
2499,2020-11-09,8.22,8.23,8.34,8.13,150833,124143617.0,2.54,-0.36,-0.03,3.18
2500,2020-11-10,8.24,7.85,8.25,7.73,174042,137277743.0,6.32,-4.62,-0.38,3.67
2501,2020-11-11,7.79,7.48,7.81,7.46,132953,100780668.0,4.46,-4.71,-0.37,2.81
2502,2020-11-12,7.52,7.39,7.56,7.34,71336,52889113.0,2.94,-1.2,-0.09,1.51
2503,2020-11-13,7.39,7.42,7.46,7.29,68796,50725455.0,2.3,0.41,0.03,1.45
2504,2020-11-16,7.44,7.21,7.5,7.16,94965,69052085.0,4.58,-2.83,-0.21,2.0
2505,2020-11-17,7.21,7.25,7.27,6.97,98112,69458521.0,4.16,0.55,0.04,2.07
2506,2020-11-18,7.16,7.22,7.36,7.16,66693,48335994.0,2.76,-0.41,-0.03,1.41
2507,2020-11-19,7.2,7.33,7.38,7.11,64468,46954855.0,3.74,1.52,0.11,1.36
2508,2020-11-20,7.34,7.25,7.36,7.17,55231,39964744.0,2.59,-1.09,-0.08,1.17
2509,2020-11-23,7.25,7.33,7.4,7.22,81042,59374870.0,2.48,1.1,0.08,1.71
2510,2020-11-24,7.33,7.22,7.37,7.18,60078,43577678.0,2.59,-1.5,-0.11,1.27
2511,2020-11-25,7.2,7.05,7.28,7.05,69400,49605200.0,3.19,-2.35,-0.17,1.46
2512,2020-11-26,7.05,7.0,7.09,6.94,57567,40260268.0,2.13,-0.71,-0.05,1.22
2513,2020-11-27,7.06,6.92,7.06,6.81,67017,46383730.0,3.57,-1.14,-0.08,1.41
2514,2020-11-30,6.9,6.94,7.08,6.83,51694,36049320.0,3.61,0.29,0.02,1.09
2515,2020-12-01,6.85,7.03,7.05,6.85,45138,31625989.0,2.88,1.3,0.09,0.95
2516,2020-12-02,7.04,7.14,7.14,6.94,64601,45542411.0,2.84,1.56,0.11,1.36
2517,2020-12-03,7.09,7.0,7.1,7.0,48017,33836260.0,1.4,-1.96,-0.14,1.01
2518,2020-12-04,7.01,7.06,7.08,6.98,38395,26999706.0,1.43,0.86,0.06,0.81
2519,2020-12-07,7.06,7.08,7.15,7.03,46432,32922985.0,1.7,0.28,0.02,0.98
2520,2020-12-08,7.05,7.2,7.21,7.05,65096,46514181.0,2.26,1.69,0.12,1.37
2521,2020-12-09,7.18,6.87,7.19,6.84,94436,66142139.0,4.86,-4.58,-0.33,1.99
2522,2020-12-10,6.81,6.85,6.95,6.75,59671,40745910.0,2.91,-0.29,-0.02,1.26
2523,2020-12-11,6.83,6.56,6.86,6.44,102402,67484570.0,6.13,-4.23,-0.29,2.16
2524,2020-12-14,6.51,6.57,6.68,6.32,59026,38609888.0,5.49,0.15,0.01,1.25
2525,2020-12-15,6.56,6.57,6.63,6.48,39797,26095360.0,2.28,0.0,0.0,0.84
2526,2020-12-16,6.53,6.42,6.62,6.42,40230,26172875.0,3.04,-2.28,-0.15,0.85
2527,2020-12-17,6.41,6.61,6.64,6.29,62973,40707314.0,5.45,2.96,0.19,1.33
2528,2020-12-18,6.61,6.55,6.68,6.52,37930,24986721.0,2.42,-0.91,-0.06,0.8
2529,2020-12-21,6.51,6.6,6.64,6.51,41821,27557511.0,1.98,0.76,0.05,0.88
2530,2020-12-29,7.3,6.98,7.47,6.9,217299,155635260.0,8.64,5.76,0.38,4.59
2531,2020-12-30,6.85,6.8,7.02,6.7,117987,80467269.0,4.58,-2.58,-0.18,2.49
2532,2020-12-31,6.77,6.79,6.86,6.7,74329,50317887.0,2.35,-0.15,-0.01,1.52
2533,2021-01-04,6.73,6.86,6.88,6.7,71453,48560391.0,2.65,1.03,0.07,1.46
2534,2021-01-05,6.79,6.95,7.06,6.61,118051,80662385.0,6.56,1.31,0.09,2.42
2535,2021-01-06,6.88,6.63,6.89,6.63,88454,59632998.0,3.74,-4.6,-0.32,1.81
2536,2021-01-07,6.59,6.24,6.6,6.1,100650,63847585.0,7.54,-5.88,-0.39,2.06
2537,2021-01-08,6.2,6.23,6.33,6.03,48237,29925449.0,4.81,-0.16,-0.01,0.99
2538,2021-01-11,6.19,5.99,6.22,5.96,61220,37177070.0,4.17,-3.85,-0.24,1.25
2539,2021-01-12,6.02,6.14,6.32,6.01,50111,30883617.0,5.18,2.5,0.15,1.03
2540,2021-01-13,6.07,6.34,6.45,6.01,93448,58630768.0,7.17,3.26,0.2,1.91
2541,2021-01-14,6.36,6.49,6.58,6.24,94865,61274553.0,5.36,2.37,0.15,1.94
2542,2021-01-15,6.45,6.43,6.52,6.32,55279,35312632.0,3.08,-0.92,-0.06,1.13
2543,2021-01-18,6.37,6.5,6.54,6.36,59973,38607129.0,2.8,1.09,0.07,1.23
2544,2021-01-19,6.43,6.3,6.47,6.3,68879,43826536.0,2.62,-3.08,-0.2,1.41
2545,2021-01-20,6.3,6.73,6.96,6.27,168903,113116607.0,10.95,6.83,0.43,3.46
2546,2021-01-21,6.67,6.61,6.89,6.56,132950,88918668.0,4.9,-1.78,-0.12,2.72
2547,2021-01-22,6.59,6.38,6.64,6.36,81148,52169714.0,4.24,-3.48,-0.23,1.66
2548,2021-01-25,6.37,6.14,6.37,6.12,69054,42726482.0,3.92,-3.76,-0.24,1.41
2549,2021-01-26,6.14,6.06,6.2,6.0,46239,28149493.0,3.26,-1.3,-0.08,0.95
2550,2021-01-27,6.08,6.07,6.17,6.0,43704,26604654.0,2.81,0.17,0.01,0.9
2551,2021-01-28,6.01,6.0,6.13,5.96,42222,25508065.0,2.8,-1.15,-0.07,0.86
2552,2021-01-29,6.0,5.77,6.06,5.69,76241,44295249.0,6.17,-3.83,-0.23,1.56
2553,2021-02-01,5.5,5.31,5.59,5.2,143473,76623814.0,6.76,-7.97,-0.46,2.94
2554,2021-02-02,5.3,5.18,5.39,5.15,103658,54355770.0,4.52,-2.45,-0.13,2.12
2555,2021-02-03,5.2,5.03,5.23,4.97,145331,73720133.0,5.02,-2.9,-0.15,2.98
2556,2021-02-04,4.99,4.88,5.06,4.81,80811,39854816.0,4.97,-2.98,-0.15,1.66
2557,2021-02-05,4.9,4.86,5.08,4.81,76605,37741380.0,5.53,-0.41,-0.02,1.57
2558,2021-02-08,4.85,4.78,4.9,4.76,63464,30607980.0,2.88,-1.65,-0.08,1.3
2559,2021-02-09,4.8,4.84,4.85,4.72,68662,32859693.0,2.72,1.26,0.06,1.41
2560,2021-02-10,4.82,4.7,4.99,4.67,123822,59488939.0,6.61,-2.89,-0.14,2.54
2561,2021-02-18,4.82,4.93,4.98,4.75,110607,54152344.0,4.89,4.89,0.23,2.27
2562,2021-02-19,4.91,5.2,5.21,4.88,93800,47692387.0,6.69,5.48,0.27,1.92
2563,2021-02-22,5.3,5.25,5.42,5.24,109702,58406456.0,3.46,0.96,0.05,2.25
2564,2021-02-23,5.21,5.15,5.35,5.15,67505,35272305.0,3.81,-1.9,-0.1,1.38
2565,2021-02-24,5.1,5.22,5.3,5.1,72525,37841338.0,3.88,1.36,0.07,1.49
2566,2021-02-25,5.32,5.14,5.33,5.13,60720,31600741.0,3.83,-1.53,-0.08,1.24
2567,2021-02-26,5.1,5.25,5.33,5.07,80455,42193257.0,5.06,2.14,0.11,1.65
2568,2021-03-01,5.28,5.47,5.48,5.23,93320,50503405.0,4.76,4.19,0.22,1.91
2569,2021-03-02,5.51,5.38,5.54,5.37,73394,39791386.0,3.11,-1.65,-0.09,1.5
2570,2021-03-03,5.45,5.41,5.47,5.32,48988,26376090.0,2.79,0.56,0.03,1.0
2571,2021-03-04,5.39,5.38,5.45,5.34,55223,29859012.0,2.03,-0.55,-0.03,1.13
2572,2021-03-05,5.37,5.49,5.52,5.36,58967,32203898.0,2.97,2.04,0.11,1.21
2573,2021-03-08,5.57,5.49,5.65,5.48,79435,44157268.0,3.1,0.0,0.0,1.63
2574,2021-03-09,5.51,5.24,5.57,5.23,69516,37191188.0,6.19,-4.55,-0.25,1.42
2575,2021-03-10,5.33,5.16,5.35,5.13,56068,29294705.0,4.2,-1.53,-0.08,1.15
2576,2021-03-11,5.2,5.34,5.34,5.07,49711,25858660.0,5.23,3.49,0.18,1.02
2577,2021-03-12,5.3,5.17,5.33,5.16,54658,28563751.0,3.18,-3.18,-0.17,1.12
2578,2021-03-15,5.13,5.25,5.39,5.13,69164,36510131.0,5.03,1.55,0.08,1.42
2579,2021-03-16,5.28,5.4,5.49,5.25,65464,35291122.0,4.57,2.86,0.15,1.34
2580,2021-03-17,5.46,5.39,5.46,5.34,50499,27231195.0,2.22,-0.19,-0.01,1.03
2581,2021-03-18,5.38,5.29,5.41,5.27,39059,20832116.0,2.6,-1.86,-0.1,0.8
2582,2021-03-19,5.34,5.24,5.39,5.22,41904,22194119.0,3.21,-0.95,-0.05,0.86
2583,2021-03-22,5.25,5.4,5.42,5.25,63104,33907697.0,3.24,3.05,0.16,1.29
2584,2021-03-23,5.43,5.25,5.45,5.22,62699,33135929.0,4.26,-2.78,-0.15,1.28
2585,2021-03-24,5.22,5.27,5.35,5.21,43882,23111359.0,2.67,0.38,0.02,0.9
2586,2021-03-25,5.22,5.14,5.3,5.13,60901,31582809.0,3.23,-2.47,-0.13,1.25
2587,2021-03-26,5.16,5.23,5.27,5.1,41327,21507465.0,3.31,1.75,0.09,0.85
2588,2021-03-29,5.2,5.2,5.29,5.17,41607,21729923.0,2.29,-0.57,-0.03,0.85
2589,2021-03-30,5.24,5.08,5.24,5.06,54751,27956761.0,3.46,-2.31,-0.12,1.12
2590,2021-03-31,5.17,5.23,5.35,5.11,98102,51155457.0,4.72,2.95,0.15,2.01
2591,2021-04-01,5.19,5.11,5.19,5.1,55204,28314909.0,1.72,-2.29,-0.12,1.13
2592,2021-04-02,5.11,5.09,5.14,5.07,45868,23387702.0,1.37,-0.39,-0.02,0.94
2593,2021-04-06,5.09,5.18,5.2,5.08,46185,23773677.0,2.36,1.77,0.09,0.95
2594,2021-04-07,5.19,5.22,5.24,5.14,44881,23338996.0,1.93,0.77,0.04,0.92
2595,2021-04-08,5.22,5.11,5.23,5.1,48959,25215487.0,2.49,-2.11,-0.11,1.0
2596,2021-04-09,5.13,5.14,5.18,5.08,38213,19629961.0,1.96,0.59,0.03,0.78
2597,2021-04-12,5.15,5.04,5.15,5.02,47060,23858639.0,2.53,-1.95,-0.1,0.96
2598,2021-04-13,5.04,4.94,5.06,4.92,47385,23616204.0,2.78,-1.98,-0.1,0.97
2599,2021-04-14,4.92,5.03,5.05,4.92,44602,22238807.0,2.63,1.82,0.09,0.91
2600,2021-04-15,5.01,5.05,5.06,4.98,44016,22087223.0,1.59,0.4,0.02,0.9
2601,2021-04-16,5.05,5.21,5.23,5.04,67312,34741309.0,3.76,3.17,0.16,1.38
2602,2021-04-19,5.23,5.26,5.26,5.2,55032,28844390.0,1.15,0.96,0.05,1.13
2603,2021-04-20,5.25,5.22,5.29,5.21,43102,22602043.0,1.52,-0.76,-0.04,0.88
2604,2021-04-21,5.22,5.2,5.3,5.18,38925,20357591.0,2.3,-0.38,-0.02,0.8
2605,2021-04-22,5.19,5.23,5.28,5.17,47001,24575040.0,2.12,0.58,0.03,0.96
2606,2021-04-23,5.24,5.14,5.25,5.12,38735,20003034.0,2.49,-1.72,-0.09,0.79
2607,2021-04-26,5.16,5.19,5.24,5.08,37947,19615540.0,3.11,0.97,0.05,0.78
2608,2021-04-27,5.2,5.1,5.22,5.02,48680,24827714.0,3.85,-1.73,-0.09,1.0
2609,2021-04-28,5.08,5.06,5.13,5.04,34675,17583485.0,1.76,-0.78,-0.04,0.71
2610,2021-04-29,5.03,5.04,5.11,5.03,34291,17375920.0,1.58,-0.4,-0.02,0.7
2611,2021-04-30,5.04,4.97,5.06,4.96,36983,18488991.0,1.98,-1.39,-0.07,0.76
2612,2021-05-06,4.99,4.98,5.04,4.97,32665,16316735.0,1.41,0.2,0.01,0.67
2613,2021-05-07,5.0,5.03,5.07,4.97,38454,19339055.0,2.01,1.0,0.05,0.79
2614,2021-05-10,5.05,5.09,5.13,5.0,42921,21718798.0,2.58,1.19,0.06,0.88
2615,2021-05-11,5.08,5.1,5.13,5.04,41037,20861608.0,1.77,0.2,0.01,0.84
2616,2021-05-12,5.1,5.16,5.18,5.06,39722,20435869.0,2.35,1.18,0.06,0.81
2617,2021-05-13,5.13,5.28,5.32,5.11,87463,45895609.0,4.07,2.33,0.12,1.79
2618,2021-05-14,5.31,5.29,5.34,5.22,68383,36022266.0,2.27,0.19,0.01,1.4
2619,2021-05-17,5.27,5.46,5.64,5.22,166295,91038499.0,7.94,3.21,0.17,3.41
2620,2021-05-18,5.37,5.41,5.46,5.31,78539,42267452.0,2.75,-0.92,-0.05,1.61
2621,2021-05-19,5.41,5.31,5.45,5.3,63526,33975608.0,2.77,-1.85,-0.1,1.3
2622,2021-05-20,5.34,5.31,5.36,5.27,46625,24769072.0,1.69,0.0,0.0,0.95
2623,2021-05-21,5.32,5.39,5.45,5.27,52981,28360245.0,3.39,1.51,0.08,1.09
2624,2021-05-24,5.38,5.39,5.49,5.37,44202,23917883.0,2.23,0.0,0.0,0.91
2625,2021-05-25,5.4,5.39,5.42,5.3,41771,22385154.0,2.23,0.0,0.0,0.86
2626,2021-05-26,5.36,5.49,5.54,5.32,86646,47181423.0,4.08,1.86,0.1,1.77
2627,2021-05-27,5.49,5.42,5.5,5.41,53003,28849857.0,1.64,-1.28,-0.07,1.09
2628,2021-05-28,5.43,5.4,5.46,5.37,35779,19361112.0,1.66,-0.37,-0.02,0.73
2629,2021-05-31,5.38,5.39,5.44,5.35,37234,20105704.0,1.67,-0.19,-0.01,0.76
2630,2021-06-01,5.39,5.52,5.53,5.36,75161,41136869.0,3.15,2.41,0.13,1.54
2631,2021-06-02,5.54,5.57,5.74,5.53,125945,70920332.0,3.8,0.91,0.05,2.58
2632,2021-06-03,5.55,5.53,5.7,5.52,73471,41206092.0,3.23,-0.72,-0.04,1.5
2633,2021-06-04,5.53,5.63,5.66,5.5,54228,30253927.0,2.89,1.81,0.1,1.11
2634,2021-06-07,5.6,5.69,5.73,5.5,75527,42493497.0,4.09,1.07,0.06,1.55
2635,2021-06-08,5.67,5.66,5.74,5.63,64555,36640646.0,1.93,-0.53,-0.03,1.32
2636,2021-06-09,5.69,5.63,5.71,5.57,45649,25699827.0,2.47,-0.53,-0.03,0.93
2637,2021-06-10,5.61,5.82,5.9,5.59,105926,60983487.0,5.51,3.37,0.19,2.17
2638,2021-06-11,5.8,5.75,5.96,5.74,76678,44766576.0,3.78,-1.2,-0.07,1.57
2639,2021-06-15,5.75,5.82,5.91,5.72,70483,41078363.0,3.3,1.22,0.07,1.44
2640,2021-06-16,5.81,5.75,5.88,5.71,64023,37039318.0,2.92,-1.2,-0.07,1.31
2641,2021-06-17,5.71,5.65,5.8,5.61,62708,35591173.0,3.3,-1.74,-0.1,1.28
2642,2021-06-18,5.63,5.84,5.88,5.6,74174,42780109.0,4.96,3.36,0.19,1.52
2643,2021-06-21,5.83,6.05,6.12,5.76,98811,59221573.0,6.16,3.6,0.21,2.02
2644,2021-06-22,6.1,5.94,6.1,5.91,66281,39680569.0,3.14,-1.82,-0.11,1.36
2645,2021-06-23,6.02,5.91,6.04,5.89,49741,29478098.0,2.53,-0.51,-0.03,1.02
2646,2021-06-24,5.91,5.84,6.01,5.83,59998,35465044.0,3.05,-1.18,-0.07,1.23
2647,2021-06-25,5.84,5.75,5.86,5.7,52379,30157672.0,2.74,-1.54,-0.09,1.07
2648,2021-06-28,5.73,5.8,5.83,5.73,47539,27496403.0,1.74,0.87,0.05,0.97
2649,2021-06-29,5.81,5.62,5.86,5.6,63737,36244615.0,4.48,-3.1,-0.18,1.31
2650,2021-06-30,5.64,5.7,5.74,5.6,45182,25680423.0,2.49,1.42,0.08,0.9
2651,2021-07-01,5.73,5.49,5.73,5.49,57631,32247154.0,4.21,-3.68,-0.21,1.15
2652,2021-07-02,5.5,5.56,5.58,5.48,52980,29255478.0,1.82,1.28,0.07,1.06
2653,2021-07-05,5.56,6.01,6.4,5.53,258264,155723970.0,15.65,8.09,0.45,5.16
2654,2021-07-06,5.96,5.91,6.05,5.85,144037,85768151.0,3.33,-1.66,-0.1,2.88
2655,2021-07-07,5.91,5.87,5.93,5.83,63577,37361630.0,1.69,-0.68,-0.04,1.27
2656,2021-07-08,5.9,5.92,6.02,5.84,87245,51609550.0,3.07,0.85,0.05,1.74
2657,2021-07-09,5.84,5.81,5.92,5.77,69237,40353028.0,2.53,-1.86,-0.11,1.38
2658,2021-07-12,5.83,6.02,6.07,5.83,100782,60375513.0,4.13,3.61,0.21,2.01
2659,2021-07-13,6.03,6.13,6.18,5.98,86629,52880256.0,3.32,1.83,0.11,1.73
2660,2021-07-14,6.12,6.11,6.23,6.02,67521,41203930.0,3.43,-0.33,-0.02,1.35
2661,2021-07-15,6.09,5.98,6.1,5.88,66444,39672174.0,3.6,-2.13,-0.13,1.33
2662,2021-07-16,5.98,5.95,6.04,5.94,44733,26772578.0,1.67,-0.5,-0.03,0.89
2663,2021-07-19,5.94,5.98,5.99,5.83,50668,29891510.0,2.69,0.5,0.03,1.01
2664,2021-07-20,5.98,5.9,5.98,5.78,53814,31528189.0,3.34,-1.34,-0.08,1.07
2665,2021-07-21,5.88,6.27,6.33,5.88,167376,103486076.0,7.63,6.27,0.37,3.34
2666,2021-07-22,6.29,6.44,6.53,6.24,142930,91535870.0,4.63,2.71,0.17,2.85
2667,2021-07-23,6.38,6.25,6.51,6.23,100583,63827975.0,4.35,-2.95,-0.19,2.01
2668,2021-07-26,6.25,6.31,6.56,6.2,103961,65900523.0,5.76,0.96,0.06,2.08
2669,2021-07-27,6.3,6.11,6.36,6.1,86132,53760274.0,4.12,-3.17,-0.2,1.72
2670,2021-07-28,6.09,5.72,6.1,5.7,114770,67039477.0,6.55,-6.38,-0.39,2.29
2671,2021-07-29,5.79,6.13,6.2,5.78,140528,84814294.0,7.34,7.17,0.41,2.81
2672,2021-07-30,6.15,6.39,6.49,6.11,171851,109506593.0,6.2,4.24,0.26,3.43
2673,2021-08-02,6.64,7.67,7.67,6.64,396756,290719136.0,16.12,20.03,1.28,7.92
2674,2021-08-03,8.46,7.4,8.56,7.36,827061,657647872.0,15.65,-3.52,-0.27,16.52
2675,2021-08-04,7.41,7.5,7.77,7.16,493968,366528080.0,8.24,1.35,0.1,9.86
2676,2021-08-05,7.3,6.91,7.31,6.91,396692,280287024.0,5.33,-7.87,-0.59,7.92
2677,2021-08-06,6.92,6.96,7.02,6.79,224201,154860732.0,3.33,0.72,0.05,4.48
2678,2021-08-09,6.93,7.03,7.05,6.72,217671,150406350.0,4.74,1.01,0.07,4.35
2679,2021-08-10,6.97,6.93,7.1,6.82,187898,130889967.0,3.98,-1.42,-0.1,3.75
2680,2021-08-11,6.85,7.35,7.39,6.82,384134,277186064.0,8.23,6.06,0.42,7.67
2681,2021-08-12,7.25,7.25,7.3,7.1,230369,165554346.0,2.72,-1.36,-0.1,4.6
2682,2021-08-13,7.34,7.12,7.49,7.11,191392,138867007.0,5.24,-1.79,-0.13,3.82
2683,2021-08-16,7.07,7.35,7.46,6.95,231153,166312917.0,7.16,3.23,0.23,4.62
2684,2021-08-17,7.22,7.06,7.55,7.02,227913,166253000.0,7.21,-3.95,-0.29,4.55
2685,2021-08-18,7.0,7.02,7.19,6.88,140454,98541191.0,4.39,-0.57,-0.04,2.8
2686,2021-08-19,7.0,7.08,7.35,6.65,230163,160867248.0,9.97,0.85,0.06,4.6
2687,2021-08-20,6.97,6.92,7.09,6.83,122834,84903114.0,3.67,-2.26,-0.16,2.45
2688,2021-08-23,6.96,7.14,7.2,6.95,126696,89598408.0,3.61,3.18,0.22,2.53
2689,2021-08-24,7.14,7.34,7.34,7.1,193111,139916371.0,3.36,2.8,0.2,3.86
2690,2021-08-25,7.32,7.25,7.32,7.15,123589,89098604.0,2.32,-1.23,-0.09,2.47
2691,2021-08-26,7.18,6.93,7.3,6.9,161489,114170418.0,5.52,-4.41,-0.32,3.22
2692,2021-08-27,6.86,7.5,7.53,6.83,288659,210362752.0,10.1,8.23,0.57,5.76
2693,2021-08-30,7.3,7.24,7.46,7.21,229954,168895523.0,3.33,-3.47,-0.26,4.59
2694,2021-08-31,7.16,7.48,7.72,7.08,239303,177653839.0,8.84,3.31,0.24,4.78
2695,2021-09-01,7.52,7.91,8.18,7.42,383634,301234112.0,10.16,5.75,0.43,7.66
2696,2021-09-02,7.8,8.04,8.1,7.66,268815,211916596.0,5.56,1.64,0.13,5.37
2697,2021-09-03,8.89,9.65,9.65,8.89,693128,664485056.0,9.45,20.02,1.61,13.84
2698,2021-09-06,10.73,11.58,11.58,10.55,692802,767070400.0,10.67,20.0,1.93,13.83
2699,2021-09-07,12.32,11.49,12.98,11.16,1592509,1900158336.0,15.72,-0.78,-0.09,31.8
2700,2021-09-08,11.16,10.57,11.67,10.49,1135995,1243584576.0,10.27,-8.01,-0.92,22.68
2701,2021-09-09,10.58,9.77,10.75,9.69,1001760,1006634208.0,10.03,-7.57,-0.8,20.0
2702,2021-09-10,9.61,9.18,9.8,9.15,767528,724032960.0,6.65,-6.04,-0.59,15.33
2703,2021-09-13,9.26,9.09,9.27,8.95,509759,462194416.0,3.49,-0.98,-0.09,10.18
2704,2021-09-14,8.99,9.41,9.41,8.9,676700,621565728.0,5.61,3.52,0.32,13.51
2705,2021-09-15,9.22,9.11,9.32,9.02,434168,396865712.0,3.19,-3.19,-0.3,8.67
2706,2021-09-16,9.06,9.48,9.69,8.93,717565,674921136.0,8.34,4.06,0.37,14.33
2707,2021-09-17,9.15,9.36,9.88,9.02,666149,631279296.0,9.07,-1.27,-0.12,13.3
2708,2021-09-22,9.2,9.67,9.9,9.18,579614,554978256.0,7.69,3.31,0.31,11.57
2709,2021-09-23,9.59,10.11,10.48,9.51,701525,706440112.0,10.03,4.55,0.44,14.01
2710,2021-09-24,9.95,8.77,10.12,8.61,642197,601572720.0,14.94,-13.25,-1.34,12.82
2711,2021-09-27,8.78,7.9,8.89,7.72,506328,412733440.0,13.34,-9.92,-0.87,10.11
2712,2021-09-28,7.8,7.89,8.06,7.8,248204,196780045.0,3.29,-0.13,-0.01,4.96
2713,2021-09-29,7.79,7.66,7.94,7.53,289340,223864865.0,5.2,-2.92,-0.23,5.78
2714,2021-09-30,7.74,7.95,8.03,7.68,214610,169618107.0,4.57,3.79,0.29,4.29
2715,2021-10-08,8.1,7.99,8.28,7.91,199351,160562054.0,4.65,0.5,0.04,3.98
2716,2021-10-11,8.04,7.82,8.11,7.73,177780,139417798.0,4.76,-2.13,-0.17,3.55
2717,2021-10-12,7.83,7.62,7.88,7.5,155495,118884472.0,4.86,-2.56,-0.2,3.1
2718,2021-10-13,7.76,7.61,7.77,7.43,132284,99987338.0,4.46,-0.13,-0.01,2.64
2719,2021-10-14,7.61,7.91,7.95,7.4,229307,178050705.0,7.23,3.94,0.3,4.58
2720,2021-10-15,7.91,7.62,7.97,7.56,189182,146350140.0,5.18,-3.67,-0.29,3.78
2721,2021-10-18,7.64,7.66,7.78,7.57,126601,96791017.0,2.76,0.52,0.04,2.53
2722,2021-10-19,7.66,7.44,7.71,7.41,166007,125044607.0,3.92,-2.87,-0.22,3.31
2723,2021-10-20,7.45,7.45,7.57,7.38,131045,98036409.0,2.55,0.13,0.01,2.62
2724,2021-10-21,7.45,7.88,8.03,7.31,382176,297173136.0,9.66,5.77,0.43,7.63
2725,2021-10-22,7.7,7.57,7.76,7.46,247515,188054657.0,3.81,-3.93,-0.31,4.94
2726,2021-10-25,7.55,7.4,7.55,7.31,163760,120902299.0,3.17,-2.25,-0.17,3.27
2727,2021-10-26,7.4,7.05,7.45,7.03,231118,166195875.0,5.68,-4.73,-0.35,4.62
2728,2021-10-27,7.03,7.07,7.23,7.01,154731,110234678.0,3.12,0.28,0.02,3.09
2729,2021-10-28,7.04,6.81,7.22,6.8,151756,106094794.0,5.94,-3.68,-0.26,3.03
2730,2021-10-29,6.6,6.88,6.93,6.4,186751,125961856.0,7.78,1.03,0.07,3.73
2731,2021-11-01,7.02,7.16,7.36,7.02,261719,187984238.0,4.94,4.07,0.28,5.23
2732,2021-11-02,7.1,6.84,7.19,6.78,201595,141004849.0,5.73,-4.47,-0.32,4.03
2733,2021-11-03,6.89,6.84,6.89,6.64,160046,107790344.0,3.65,0.0,0.0,3.2
2734,2021-11-04,6.84,6.96,7.04,6.81,139317,96469261.0,3.36,1.75,0.12,2.78
2735,2021-11-05,6.96,7.1,7.3,6.9,240209,170730245.0,5.75,2.01,0.14,4.8
2736,2021-11-08,7.02,7.24,7.3,6.98,192618,138341856.0,4.51,1.97,0.14,3.85
2737,2021-11-09,7.22,7.44,7.6,7.19,285458,212492060.0,5.66,2.76,0.2,5.7
2738,2021-11-10,7.38,7.54,7.57,7.26,208856,155622564.0,4.17,1.34,0.1,4.17
2739,2021-11-11,7.51,7.38,7.55,7.37,207672,154478179.0,2.39,-2.12,-0.16,4.15
2740,2021-11-12,7.35,7.8,7.86,7.35,329657,253091749.0,6.91,5.69,0.42,6.58
2741,2021-11-15,8.02,7.56,8.09,7.52,302137,231016926.0,7.31,-3.08,-0.24,6.03
2742,2021-11-16,7.52,7.22,7.52,7.21,215009,158025240.0,4.1,-4.5,-0.34,4.29
2743,2021-11-17,7.27,7.57,7.62,7.21,233664,174277447.0,5.68,4.85,0.35,4.67
2744,2021-11-18,7.61,7.34,7.64,7.34,157991,117360720.0,3.96,-3.04,-0.23,3.15
2745,2021-11-19,7.42,7.39,7.42,7.25,107681,79024342.0,2.32,0.68,0.05,2.15
2746,2021-11-22,7.34,7.32,7.41,7.25,119449,87386850.0,2.17,-0.95,-0.07,2.39
2747,2021-11-23,7.28,7.29,7.37,7.23,116734,85132091.0,1.91,-0.41,-0.03,2.33
2748,2021-11-24,7.25,7.16,7.28,7.08,146478,105006289.0,2.74,-1.78,-0.13,2.92
2749,2021-11-25,7.21,7.24,7.3,7.14,112883,81536218.0,2.23,1.12,0.08,2.25
2750,2021-11-26,7.24,7.06,7.24,7.03,123903,87975786.0,2.9,-2.49,-0.18,2.47
2751,2021-11-29,6.96,7.08,7.22,6.88,120672,85598454.0,4.82,0.28,0.02,2.41
2752,2021-11-30,7.1,7.16,7.22,7.03,112704,80495777.0,2.68,1.13,0.08,2.25
2753,2021-12-01,7.11,7.46,7.52,7.11,232770,171092316.0,5.73,4.19,0.3,4.65
2754,2021-12-02,7.51,7.36,7.55,7.33,172090,127617602.0,2.95,-1.34,-0.1,3.44
2755,2021-12-03,7.33,7.29,7.39,7.16,132547,96109398.0,3.13,-0.95,-0.07,2.65
2756,2021-12-06,7.23,7.07,7.26,7.05,120839,86182101.0,2.88,-3.02,-0.22,2.41
2757,2021-12-07,7.1,7.06,7.12,6.89,97596,68301265.0,3.25,-0.14,-0.01,1.95
2758,2021-12-08,7.06,7.06,7.1,7.01,81927,57731974.0,1.27,0.0,0.0,1.64
2759,2021-12-09,7.04,7.13,7.18,6.99,124913,88355694.0,2.69,0.99,0.07,2.49
2760,2021-12-10,7.16,7.05,7.17,7.04,83532,59241183.0,1.82,-1.12,-0.08,1.67
2761,2021-12-13,7.01,7.04,7.1,6.95,84839,59557833.0,2.13,-0.14,-0.01,1.69
2762,2021-12-14,7.04,7.1,7.11,6.98,82566,58272462.0,1.85,0.85,0.06,1.65
2763,2021-12-15,7.13,7.15,7.23,7.07,110202,78718279.0,2.25,0.7,0.05,2.2
2764,2021-12-16,7.13,7.27,7.38,7.09,171280,124615513.0,4.06,1.68,0.12,3.42
2765,2021-12-17,7.23,7.14,7.3,7.12,110449,79444305.0,2.48,-1.79,-0.13,2.21
2766,2021-12-20,7.1,6.99,7.19,6.98,111265,78672588.0,2.94,-2.1,-0.15,2.22
2767,2021-12-21,6.98,7.09,7.12,6.93,81577,57421677.0,2.72,1.43,0.1,1.63
2768,2021-12-22,7.13,7.03,7.15,7.02,82544,58294181.0,1.83,-0.85,-0.06,1.65
2769,2021-12-23,7.0,7.18,7.24,6.9,192216,136361989.0,4.84,2.13,0.15,3.84
2770,2021-12-24,7.19,6.97,7.23,6.97,115423,81421278.0,3.62,-2.92,-0.21,2.3
2771,2021-12-27,6.91,6.81,6.94,6.81,94785,64926272.0,1.87,-2.3,-0.16,1.89
2772,2021-12-28,6.8,6.84,6.85,6.72,70816,48047588.0,1.91,0.44,0.03,1.41
2773,2021-12-29,6.8,6.82,6.9,6.74,57355,39043989.0,2.34,-0.29,-0.02,1.15
2774,2021-12-30,6.84,6.84,6.89,6.78,69970,47936999.0,1.61,0.29,0.02,1.4
2775,2021-12-31,6.85,6.87,6.89,6.82,59727,40957935.0,1.02,0.44,0.03,1.19
2776,2022-01-04,6.86,6.98,6.99,6.83,94694,65597299.0,2.33,1.6,0.11,1.89
2777,2022-01-05,7.01,6.85,7.02,6.79,92149,63381651.0,3.3,-1.86,-0.13,1.84
2778,2022-01-06,6.83,6.87,6.92,6.82,62650,43074727.0,1.46,0.29,0.02,1.25
2779,2022-01-07,6.85,6.76,6.92,6.76,81912,56108053.0,2.33,-1.6,-0.11,1.64
2780,2022-01-10,6.73,6.74,6.76,6.58,63046,42215246.0,2.66,-0.3,-0.02,1.26
2781,2022-01-11,6.74,6.85,6.97,6.72,76650,52710887.0,3.71,1.63,0.11,1.53
2782,2022-01-12,6.84,6.89,6.92,6.82,43241,29695583.0,1.46,0.58,0.04,0.86
2783,2022-01-13,6.89,6.78,6.9,6.78,47479,32477068.0,1.74,-1.6,-0.11,0.95
2784,2022-01-14,6.78,6.67,6.82,6.66,58353,39303077.0,2.36,-1.62,-0.11,1.17
2785,2022-01-17,6.68,6.99,7.09,6.65,146999,101664988.0,6.6,4.8,0.32,2.94
2786,2022-01-18,7.02,6.87,7.02,6.84,104102,71847208.0,2.58,-1.72,-0.12,2.08
2787,2022-01-19,6.81,7.23,7.29,6.8,255064,181376942.0,7.13,5.24,0.36,5.1
2788,2022-01-20,7.25,6.98,7.26,6.98,150237,106117600.0,3.87,-3.46,-0.25,3.0
2789,2022-01-21,6.97,7.03,7.13,6.92,98521,69193666.0,3.01,0.72,0.05,1.97
2790,2022-01-24,6.89,6.85,7.07,6.82,84657,58727095.0,3.56,-2.56,-0.18,1.69
2791,2022-01-25,6.82,6.3,6.82,6.27,141690,92734770.0,8.03,-8.03,-0.55,2.83
2792,2022-01-26,6.3,6.35,6.47,6.29,59623,38036355.0,2.86,0.79,0.05,1.19
2793,2022-01-27,6.37,6.03,6.41,6.0,93484,57444281.0,6.46,-5.04,-0.32,1.87
2794,2022-01-28,6.2,6.49,6.58,6.19,136042,87079388.0,6.47,7.63,0.46,2.72
2795,2022-02-07,6.63,6.73,6.89,6.43,134474,89608156.0,7.09,3.7,0.24,2.69
2796,2022-02-08,6.69,6.81,6.89,6.66,107760,73095822.0,3.42,1.19,0.08,2.15
2797,2022-02-09,6.75,6.99,7.0,6.75,137997,95284927.0,3.67,2.64,0.18,2.76
2798,2022-02-10,6.99,6.94,7.02,6.88,92087,63883567.0,2.0,-0.72,-0.05,1.84
2799,2022-02-11,6.9,6.8,6.93,6.76,81019,55275209.0,2.45,-2.02,-0.14,1.62
2800,2022-02-14,6.79,6.81,6.86,6.71,57884,39316359.0,2.21,0.15,0.01,1.16
2801,2022-02-15,6.81,6.82,6.89,6.71,64187,43764491.0,2.64,0.15,0.01,1.28
2802,2022-02-16,6.85,6.89,6.9,6.81,52944,36323939.0,1.32,1.03,0.07,1.06
2803,2022-02-17,6.88,7.03,7.11,6.83,130749,91583728.0,4.06,2.03,0.14,2.61
2804,2022-02-18,6.99,7.39,7.48,6.9,283142,205421040.0,8.25,5.12,0.36,5.66
2805,2022-02-21,7.28,7.3,7.38,7.23,181291,132401222.0,2.03,-1.22,-0.09,3.62
2806,2022-02-22,7.26,7.32,7.46,7.25,166898,122720550.0,2.88,0.27,0.02,3.33
2807,2022-02-23,7.45,7.56,7.66,7.36,225899,170140794.0,4.1,3.28,0.24,4.51
2808,2022-02-24,7.42,7.25,7.52,7.13,224278,164019387.0,5.16,-4.1,-0.31,4.48
2809,2022-02-25,7.31,7.24,7.43,7.2,113435,82878883.0,3.17,-0.14,-0.01,2.27
2810,2022-02-28,7.28,7.23,7.3,7.1,106335,76747783.0,2.76,-0.14,-0.01,2.12
2811,2022-03-01,7.29,7.42,7.45,7.23,125903,92932021.0,3.04,2.63,0.19,2.52
2812,2022-03-02,7.36,7.35,7.44,7.31,88205,64870434.0,1.75,-0.94,-0.07,1.76
2813,2022-03-03,7.33,7.22,7.37,7.19,87854,63782231.0,2.45,-1.77,-0.13,1.76
2814,2022-03-04,7.25,7.09,7.25,7.06,92730,66114263.0,2.63,-1.8,-0.13,1.85
2815,2022-03-07,7.13,7.01,7.15,6.98,71602,50533781.0,2.4,-1.13,-0.08,1.43
2816,2022-03-08,7.01,6.97,7.13,6.79,116295,81178763.0,4.85,-0.57,-0.04,2.32
2817,2022-03-09,6.97,6.89,7.07,6.51,116816,79714604.0,8.03,-1.15,-0.08,2.33
2818,2022-03-10,6.98,6.82,7.05,6.82,85887,59645805.0,3.34,-1.02,-0.07,1.72
2819,2022-03-11,6.72,6.88,6.9,6.6,71226,48015544.0,4.4,0.88,0.06,1.42
2820,2022-03-14,6.81,6.53,6.87,6.53,101453,67844903.0,4.94,-5.09,-0.35,2.03
2821,2022-03-15,6.54,6.24,6.63,6.21,99162,64061564.0,6.43,-4.44,-0.29,1.98
2822,2022-03-16,6.39,6.6,6.62,6.2,114052,73214229.0,6.73,5.77,0.36,2.28
2823,2022-03-17,6.6,6.6,6.76,6.58,86826,57910893.0,2.73,0.0,0.0,1.73
2824,2022-03-18,6.6,6.78,6.88,6.56,89550,60682489.0,4.85,2.73,0.18,1.79
2825,2022-03-21,6.72,6.9,6.93,6.72,92035,63178562.0,3.1,1.77,0.12,1.84
2826,2022-03-22,7.0,7.38,7.6,6.94,332624,242388422.0,9.57,6.96,0.48,6.65
2827,2022-03-23,7.32,7.39,7.45,7.26,216668,159347487.0,2.57,0.14,0.01,4.33
2828,2022-03-24,7.41,7.1,7.41,7.1,116787,84038694.0,4.19,-3.92,-0.29,2.33
2829,2022-03-25,7.14,7.13,7.19,7.06,88387,63001895.0,1.83,0.42,0.03,1.77
2830,2022-03-28,7.13,7.22,7.22,7.03,97369,69670005.0,2.66,1.26,0.09,1.95
2831,2022-03-29,7.25,7.12,7.29,7.05,106248,75698590.0,3.32,-1.39,-0.1,2.12
2832,2022-03-30,7.12,7.19,7.23,7.04,82959,59424349.0,2.67,0.98,0.07,1.66
2833,2022-03-31,7.19,7.44,7.5,7.12,183305,134504833.0,5.29,3.48,0.25,3.66
2834,2022-04-01,7.42,7.24,7.42,7.17,131430,95395602.0,3.36,-2.69,-0.2,2.63
2835,2022-04-06,7.18,7.32,7.39,7.16,124070,90532340.0,3.18,1.1,0.08,2.48
2836,2022-04-07,7.26,7.06,7.29,7.06,91462,65360076.0,3.14,-3.55,-0.26,1.83
2837,2022-04-08,7.07,7.12,7.28,7.03,129623,92708252.0,3.54,0.85,0.06,2.59
2838,2022-04-11,7.17,7.33,7.53,7.13,260574,191449814.0,5.62,2.95,0.21,5.21
2839,2022-04-12,7.33,7.96,8.08,7.24,532836,412829040.0,11.46,8.59,0.63,10.65
2840,2022-04-13,7.92,8.16,8.5,7.75,598852,485705360.0,9.42,2.51,0.2,11.96
2841,2022-04-14,7.99,8.09,8.19,7.86,348469,278718256.0,4.04,-0.86,-0.07,6.96
2842,2022-04-15,7.9,7.77,8.08,7.58,323246,250448534.0,6.18,-3.96,-0.32,6.46
2843,2022-04-18,7.74,8.35,8.43,7.55,433163,350694448.0,11.33,7.46,0.58,8.65
2844,2022-04-19,8.28,8.03,8.28,8.0,288407,234835030.0,3.35,-3.83,-0.32,5.76
2845,2022-04-20,7.9,8.24,8.4,7.85,359270,293430112.0,6.85,2.62,0.21,7.18
2846,2022-04-21,8.18,7.34,8.18,7.25,337625,261158571.0,11.29,-10.92,-0.9,6.75
2847,2022-04-22,7.29,7.38,7.73,7.26,244789,183141137.0,6.4,0.54,0.04,4.89
2848,2022-04-25,7.09,6.31,7.1,6.1,340105,221796640.0,13.55,-14.5,-1.07,6.8
2849,2022-04-26,6.31,5.89,6.38,5.84,233497,141889821.0,8.56,-6.66,-0.42,4.67
2850,2022-04-27,5.71,6.06,6.07,5.67,158853,93556326.0,6.79,2.89,0.17,3.17
2851,2022-04-28,5.86,5.43,5.89,5.31,263357,146230844.0,9.57,-10.4,-0.63,5.26
2852,2022-04-29,5.55,5.65,5.74,5.45,167438,94105148.0,5.34,4.05,0.22,3.35
2853,2022-05-05,5.72,5.66,5.73,5.48,109586,61548128.0,4.42,0.18,0.01,2.19
2854,2022-05-06,5.46,5.4,5.56,5.37,115858,63193339.0,3.36,-4.59,-0.26,2.31
2855,2022-05-09,5.42,5.48,5.58,5.41,75656,41510697.0,3.15,1.48,0.08,1.51
2856,2022-05-10,5.41,5.59,5.59,5.31,105702,58023321.0,5.11,2.01,0.11,2.11
2857,2022-05-11,5.55,5.5,5.78,5.5,144800,81708293.0,5.01,-1.61,-0.09,2.89
2858,2022-05-12,5.46,5.55,5.61,5.41,87941,48442695.0,3.64,0.91,0.05,1.76
2859,2022-05-13,5.59,5.59,5.63,5.47,86303,47880682.0,2.88,0.72,0.04,1.72
