,日期,开盘,收盘,最高,最低,成交量,成交额,振幅,涨跌幅,涨跌额,换手率
0,2011-05-11,21.71,20.9,21.9,20.81,75259,158501849.0,4.95,-5.0,-1.1,26.88
1,2011-05-12,20.51,21.0,21.52,20.51,38218,80605229.0,4.83,0.48,0.1,13.65
2,2011-05-13,21.15,21.45,21.49,20.87,29227,62122693.0,2.95,2.14,0.45,10.44
3,2011-05-16,21.45,21.69,22.05,21.21,33275,72307728.0,3.92,1.12,0.24,11.88
4,2011-05-17,21.41,21.34,21.69,21.0,21682,46261623.0,3.18,-1.61,-0.35,7.74
5,2011-05-18,21.28,21.15,21.48,20.93,14288,30172041.0,2.58,-0.89,-0.19,5.1
6,2011-05-19,21.21,21.09,21.5,21.05,8807,18691035.0,2.13,-0.28,-0.06,3.15
7,2011-05-20,21.1,21.08,21.12,20.8,13950,29186890.0,1.52,-0.05,-0.01,4.98
8,2011-05-23,21.0,21.01,21.44,20.87,15727,33256841.0,2.7,-0.33,-0.07,5.62
9,2011-05-24,20.91,20.73,21.05,20.13,16595,34079696.0,4.38,-1.33,-0.28,5.93
10,2011-05-25,20.77,19.65,20.88,19.41,16667,33623070.0,7.09,-5.21,-1.08,5.95
11,2011-05-26,19.69,19.62,19.92,19.55,9599,18933989.0,1.88,-0.15,-0.03,3.43
12,2011-05-27,19.49,19.35,19.66,19.11,6784,13127110.0,2.8,-1.38,-0.27,2.42
13,2011-05-30,19.19,19.37,19.64,19.19,3879,7555091.0,2.33,0.1,0.02,1.39
14,2011-05-31,19.52,19.48,19.59,19.18,3986,7720408.0,2.12,0.57,0.11,1.42
15,2011-06-01,19.42,19.6,19.68,19.36,4261,8313389.0,1.64,0.62,0.12,1.52
16,2011-06-02,19.41,19.29,19.42,18.9,5862,11243587.0,2.65,-1.58,-0.31,2.09
17,2011-06-03,19.17,19.5,19.56,19.06,3770,7299840.0,2.59,1.09,0.21,1.35
18,2011-06-07,19.48,19.26,19.55,19.1,3065,5926691.0,2.31,-1.23,-0.24,1.09
19,2011-06-08,19.33,19.68,19.68,19.18,6103,11882704.0,2.6,2.18,0.42,2.18
20,2011-06-09,19.68,19.3,20.15,19.3,6861,13545083.0,4.32,-1.93,-0.38,2.45
21,2011-06-10,19.39,19.74,19.75,19.25,4984,9725997.0,2.59,2.28,0.44,1.78
22,2011-06-13,19.66,19.79,19.93,19.45,2999,5918009.0,2.43,0.25,0.05,1.07
23,2011-06-14,19.71,19.81,19.93,19.62,2481,4914571.0,1.57,0.1,0.02,0.89
24,2011-06-15,19.72,19.55,19.86,19.45,4053,7982484.0,2.07,-1.31,-0.26,1.45
25,2011-06-16,19.55,19.3,19.55,19.19,2434,4706019.0,1.84,-1.28,-0.25,0.87
26,2011-06-17,19.4,19.18,19.48,19.08,1648,3174106.0,2.07,-0.62,-0.12,0.59
27,2011-06-20,19.18,19.4,19.63,19.01,3280,6336461.0,3.23,1.15,0.22,1.17
28,2011-06-21,19.32,19.85,20.12,19.29,6191,12270763.0,4.28,2.32,0.45,2.21
29,2011-06-22,19.85,19.91,20.12,19.76,6379,12735384.0,1.81,0.3,0.06,2.28
30,2011-06-23,19.91,20.46,20.74,19.81,10066,20542547.0,4.67,2.76,0.55,3.6
31,2011-06-24,20.4,20.55,20.78,20.39,13302,27373789.0,1.91,0.44,0.09,4.75
32,2011-06-27,20.45,21.15,21.33,20.41,15946,33556378.0,4.48,2.92,0.6,5.69
33,2011-06-28,21.45,21.72,21.98,21.15,25580,55156563.0,3.92,2.7,0.57,9.14
34,2011-06-29,21.59,21.45,21.75,21.25,7609,16363048.0,2.3,-1.24,-0.27,2.72
35,2011-07-01,21.58,22.03,22.12,21.51,23864,52307811.0,2.84,2.7,0.58,8.52
36,2011-07-04,22.09,22.09,22.16,21.9,23992,52910263.0,1.18,0.27,0.06,8.57
37,2011-07-05,22.0,22.49,22.55,21.91,31741,70559090.0,2.9,1.81,0.4,11.34
38,2011-07-06,22.4,22.24,22.6,21.92,19402,43234696.0,3.02,-1.11,-0.25,6.93
39,2011-07-07,22.2,22.52,23.2,22.2,26256,59838921.0,4.5,1.26,0.28,9.38
40,2011-07-08,22.58,22.76,22.84,22.41,12417,28150341.0,1.91,1.07,0.24,4.43
41,2011-07-11,22.77,22.77,23.12,22.5,12165,27857406.0,2.72,0.04,0.01,4.34
42,2011-07-12,22.7,22.24,22.7,22.16,9286,20751351.0,2.37,-2.33,-0.53,3.32
43,2011-07-13,22.21,22.83,23.0,22.05,12072,27378221.0,4.27,2.65,0.59,4.31
44,2011-07-14,22.87,23.2,23.2,22.64,15281,35095039.0,2.45,1.62,0.37,5.46
45,2011-07-15,23.16,22.32,23.8,22.28,26749,60968549.0,6.55,-3.79,-0.88,9.55
46,2011-07-18,22.45,22.3,22.65,22.1,12755,28412119.0,2.46,-0.09,-0.02,4.56
47,2011-07-19,22.0,22.46,22.59,21.79,8839,19724962.0,3.59,0.72,0.16,3.16
48,2011-07-20,22.47,22.29,22.57,22.09,6363,14166509.0,2.14,-0.76,-0.17,2.27
49,2011-07-21,22.29,22.16,22.46,22.14,5934,13208805.0,1.44,-0.58,-0.13,2.12
50,2011-07-22,22.16,22.38,22.78,22.13,8044,18073633.0,2.93,0.99,0.22,2.87
51,2011-07-25,22.3,21.82,22.41,21.44,11954,26071827.0,4.33,-2.5,-0.56,4.27
52,2011-07-26,21.61,21.79,21.98,21.46,5276,11458086.0,2.38,-0.14,-0.03,1.88
53,2011-07-27,21.67,22.5,22.78,21.62,13968,31319886.0,5.32,3.26,0.71,4.99
54,2011-07-28,22.3,23.0,23.0,22.19,15222,34625359.0,3.6,2.22,0.5,5.44
55,2011-07-29,23.03,22.71,23.29,22.65,8498,19431321.0,2.78,-1.26,-0.29,3.04
56,2011-08-01,22.49,23.26,23.45,22.49,12635,29327124.0,4.23,2.42,0.55,4.51
57,2011-08-02,23.19,22.55,23.22,22.15,10842,24405308.0,4.6,-3.05,-0.71,3.87
58,2011-08-03,22.44,22.31,22.66,22.2,7566,16969949.0,2.04,-1.06,-0.24,2.7
59,2011-08-04,22.53,22.92,23.06,22.28,11945,27167323.0,3.5,2.73,0.61,4.27
60,2011-08-05,22.1,22.22,22.67,22.05,9627,21525690.0,2.71,-3.05,-0.7,3.44
61,2011-08-08,21.83,21.99,22.15,20.8,9843,21188385.0,6.08,-1.04,-0.23,3.52
62,2011-08-09,21.2,21.45,21.88,20.9,5545,11854860.0,4.46,-2.46,-0.54,1.98
63,2011-08-10,21.8,21.9,22.1,21.6,7092,15545761.0,2.33,2.1,0.45,2.53
64,2011-08-11,21.6,21.64,21.8,20.91,35758,76235238.0,4.06,-1.19,-0.26,10.22
65,2011-08-12,21.63,21.6,22.15,21.56,13736,30023251.0,2.73,-0.18,-0.04,3.92
66,2011-08-15,21.9,23.13,23.33,21.85,32150,72599760.0,6.85,7.08,1.53,9.19
67,2011-08-16,23.14,23.65,23.66,22.82,29697,69003221.0,3.63,2.25,0.52,8.48
68,2011-08-17,23.62,23.74,24.1,23.41,28611,68089047.0,2.92,0.38,0.09,8.17
69,2011-08-18,23.46,23.6,24.38,23.22,33594,80221400.0,4.89,-0.59,-0.14,9.6
70,2011-08-19,23.05,23.45,23.55,22.8,18225,42214382.0,3.18,-0.64,-0.15,5.21
71,2011-08-22,22.98,23.09,23.4,22.54,23604,54123155.0,3.67,-1.54,-0.36,6.74
72,2011-08-23,23.06,24.49,24.66,22.92,36862,87982043.0,7.54,6.06,1.4,10.53
73,2011-08-24,24.49,23.82,24.85,23.66,26229,63813266.0,4.86,-2.74,-0.67,7.49
74,2011-08-25,23.93,23.71,24.14,23.16,19071,44991187.0,4.11,-0.46,-0.11,5.45
75,2011-08-26,23.62,24.38,24.38,23.5,19963,47889733.0,3.71,2.83,0.67,5.7
76,2011-08-29,24.31,25.09,25.6,24.0,42524,106109098.0,6.56,2.91,0.71,12.15
77,2011-08-30,24.95,24.78,25.19,24.28,25273,62320010.0,3.63,-1.24,-0.31,7.22
78,2011-08-31,24.52,24.4,24.74,23.58,16812,40702435.0,4.68,-1.53,-0.38,4.8
79,2011-09-01,24.32,24.25,24.88,24.02,9058,22162733.0,3.52,-0.61,-0.15,2.59
80,2011-09-02,24.25,23.61,24.26,23.52,12585,29882045.0,3.05,-2.64,-0.64,3.6
81,2011-09-05,23.35,23.42,23.67,23.17,8473,19815232.0,2.12,-0.8,-0.19,2.42
82,2011-09-06,23.1,23.43,23.6,23.1,9504,22223119.0,2.13,0.04,0.01,2.72
83,2011-09-07,23.5,24.06,24.18,23.2,8534,20189138.0,4.18,2.69,0.63,2.44
84,2011-09-08,24.1,23.9,24.25,23.82,6520,15652570.0,1.79,-0.67,-0.16,1.86
85,2011-09-09,23.6,23.5,23.95,23.11,6080,14256509.0,3.51,-1.67,-0.4,1.74
86,2011-09-13,23.15,22.84,23.15,22.66,4064,9296807.0,2.09,-2.81,-0.66,1.16
87,2011-09-14,22.8,23.3,23.38,22.66,3772,8644881.0,3.15,2.01,0.46,1.08
88,2011-09-15,23.15,23.1,23.6,23.1,5083,11899000.0,2.15,-0.86,-0.2,1.45
89,2011-09-16,23.2,22.94,23.54,22.93,3473,8105773.0,2.64,-0.69,-0.16,0.99
90,2011-09-19,22.9,22.38,22.9,22.31,3301,7434615.0,2.57,-2.44,-0.56,0.94
91,2011-09-20,22.5,22.47,22.68,22.31,1807,4065223.0,1.65,0.4,0.09,0.52
92,2011-09-21,22.6,23.05,23.09,22.31,4392,10052639.0,3.47,2.58,0.58,1.25
93,2011-09-22,22.83,22.03,22.97,22.01,6091,13666602.0,4.16,-4.43,-1.02,1.74
94,2011-09-23,21.85,22.2,22.2,21.53,5550,12090284.0,3.04,0.77,0.17,1.59
95,2011-09-26,21.83,22.0,22.27,21.83,2700,5950963.0,1.98,-0.9,-0.2,0.77
96,2011-09-27,22.3,22.25,22.5,22.01,4574,10227140.0,2.23,1.14,0.25,1.31
97,2011-09-28,22.25,22.22,22.4,21.45,4620,10098331.0,4.27,-0.13,-0.03,1.32
98,2011-09-29,21.81,22.3,23.0,21.64,6019,13304342.0,6.12,0.36,0.08,1.72
99,2011-09-30,22.15,22.5,22.6,22.0,2851,6378994.0,2.69,0.9,0.2,0.81
100,2011-10-10,22.6,22.35,22.6,22.14,3179,7102173.0,2.04,-0.67,-0.15,0.91
101,2011-10-11,22.59,21.25,22.8,20.82,6014,13102546.0,8.86,-4.92,-1.1,1.72
102,2011-10-12,21.05,21.62,21.67,20.78,9102,19291470.0,4.19,1.74,0.37,2.6
103,2011-10-13,21.63,21.15,21.79,20.8,12767,27120200.0,4.58,-2.17,-0.47,3.65
104,2011-10-14,21.0,20.39,21.0,20.16,17452,35544387.0,3.97,-3.59,-0.76,4.99
105,2011-10-17,20.41,20.77,20.83,20.2,9700,19937861.0,3.09,1.86,0.38,2.77
106,2011-10-18,20.6,19.35,20.6,19.35,14170,28245253.0,6.02,-6.84,-1.42,4.05
107,2011-10-19,19.41,19.47,19.69,19.31,4424,8626531.0,1.96,0.62,0.12,1.26
108,2011-10-20,19.47,18.65,19.47,18.56,5778,10916306.0,4.67,-4.21,-0.82,1.65
109,2011-10-21,18.85,17.46,18.85,17.35,11207,20053120.0,8.04,-6.38,-1.19,3.2
110,2011-10-24,17.45,17.67,17.8,17.01,6113,10657917.0,4.52,1.2,0.21,1.75
111,2011-10-25,17.52,18.05,18.2,17.52,11155,20024375.0,3.85,2.15,0.38,3.19
112,2011-10-26,18.18,18.64,19.15,18.14,26899,50436105.0,5.6,3.27,0.59,7.69
113,2011-10-27,18.7,18.6,19.08,18.5,13549,25418580.0,3.11,-0.21,-0.04,3.87
114,2011-10-31,19.15,19.16,19.57,18.88,30257,58059023.0,3.71,3.01,0.56,8.64
115,2011-11-01,18.98,19.25,19.3,18.84,14189,27125349.0,2.4,0.47,0.09,4.05
116,2011-11-02,18.86,19.94,20.02,18.86,19576,38224545.0,6.03,3.58,0.69,5.59
117,2011-11-03,20.01,19.71,20.33,19.59,26849,53775330.0,3.71,-1.15,-0.23,7.67
118,2011-11-04,19.74,19.66,19.98,19.53,13892,27442850.0,2.28,-0.25,-0.05,3.97
119,2011-11-07,19.61,19.66,20.21,19.53,18376,36353636.0,3.46,0.0,0.0,5.25
120,2011-11-08,19.69,19.24,19.71,19.16,8579,16696365.0,2.8,-2.14,-0.42,2.45
121,2011-11-09,19.35,19.69,19.74,18.98,15017,29008138.0,3.95,2.34,0.45,4.29
122,2011-11-10,19.46,19.69,20.1,19.3,24828,48908766.0,4.06,0.0,0.0,7.09
123,2011-11-11,19.68,19.41,19.82,19.3,17853,34902394.0,2.64,-1.42,-0.28,5.1
124,2011-11-14,19.72,20.43,20.49,19.7,28373,57399466.0,4.07,5.26,1.02,8.11
125,2011-11-15,20.43,20.59,20.95,20.4,23346,48305701.0,2.69,0.78,0.16,6.67
126,2011-11-16,20.66,19.95,20.8,19.75,18417,37215857.0,5.1,-3.11,-0.64,5.26
127,2011-11-17,19.95,20.88,21.6,19.95,41491,86907706.0,8.27,4.66,0.93,11.85
128,2011-11-18,20.66,21.1,21.2,20.15,40493,84228644.0,5.03,1.05,0.22,11.57
129,2011-11-21,20.9,20.7,21.58,20.35,34518,72199280.0,5.83,-1.9,-0.4,9.86
130,2011-11-22,20.36,21.49,21.55,20.32,28507,60211268.0,5.94,3.82,0.79,8.14
131,2011-11-23,21.4,21.21,21.45,20.9,22015,46725184.0,2.56,-1.3,-0.28,6.29
132,2011-11-24,20.81,21.12,21.44,20.72,14840,31282791.0,3.39,-0.42,-0.09,4.24
133,2011-11-25,21.15,20.8,21.46,20.72,12586,26587206.0,3.5,-1.52,-0.32,3.6
134,2011-11-28,20.82,20.52,21.08,20.1,17356,35620371.0,4.71,-1.35,-0.28,4.96
135,2011-11-29,20.7,20.8,20.92,20.49,12644,26192146.0,2.1,1.36,0.28,3.61
136,2011-11-30,20.8,19.3,20.88,19.0,19330,38119725.0,9.04,-7.21,-1.5,5.52
137,2011-12-01,19.99,19.93,20.57,19.8,16459,33187388.0,3.99,3.26,0.63,4.7
138,2011-12-02,19.78,19.48,19.87,19.27,6981,13647591.0,3.01,-2.26,-0.45,1.99
139,2011-12-05,19.48,18.79,19.78,18.59,7921,15088481.0,6.11,-3.54,-0.69,2.26
140,2011-12-06,18.61,19.11,19.24,18.55,6390,12092994.0,3.67,1.7,0.32,1.83
141,2011-12-07,19.11,18.94,19.16,18.75,5557,10534884.0,2.15,-0.89,-0.17,1.59
142,2011-12-08,18.81,19.27,19.55,18.3,8620,16372230.0,6.6,1.74,0.33,2.46
143,2011-12-09,19.2,19.8,19.92,19.02,11668,22862705.0,4.67,2.75,0.53,3.33
144,2011-12-12,19.85,19.9,20.29,19.74,10494,21058395.0,2.78,0.51,0.1,3.0
145,2011-12-13,20.08,19.39,20.08,19.31,6855,13423845.0,3.87,-2.56,-0.51,1.96
146,2011-12-14,19.2,19.37,19.63,19.05,5251,10145441.0,2.99,-0.1,-0.02,1.5
147,2011-12-15,19.06,18.98,19.37,18.9,5422,10370736.0,2.43,-2.01,-0.39,1.55
148,2011-12-16,19.01,19.94,20.0,19.0,7102,13764690.0,5.27,5.06,0.96,2.03
149,2011-12-19,19.61,20.41,20.48,19.52,10839,21631536.0,4.81,2.36,0.47,3.1
150,2011-12-20,20.4,20.05,20.6,20.05,7766,15793019.0,2.69,-1.76,-0.36,2.22
151,2011-12-21,20.26,20.35,21.0,20.14,14720,30359668.0,4.29,1.5,0.3,4.21
152,2011-12-22,20.2,19.85,20.39,19.27,12274,24239426.0,5.5,-2.46,-0.5,3.51
153,2011-12-23,19.9,20.4,20.8,19.78,10820,22101215.0,5.14,2.77,0.55,3.09
154,2011-12-27,20.05,19.9,20.66,19.78,9840,19823696.0,4.31,-2.45,-0.5,2.81
155,2011-12-28,19.7,19.84,19.95,19.39,6387,12567005.0,2.81,-0.3,-0.06,1.82
156,2011-12-29,19.7,20.72,20.86,19.56,9125,18645714.0,6.55,4.44,0.88,2.61
157,2011-12-30,20.85,20.69,21.24,20.46,10778,22473998.0,3.76,-0.14,-0.03,3.08
158,2012-01-04,20.75,18.62,20.95,18.62,22393,43686945.0,11.26,-10.0,-2.07,6.4
159,2012-01-05,18.0,17.1,18.0,16.76,23382,39922119.0,6.66,-8.16,-1.52,6.68
160,2012-01-06,16.75,17.3,17.55,16.31,10024,16761365.0,7.25,1.17,0.2,2.86
161,2012-01-09,17.04,17.9,18.3,16.73,12192,21437075.0,9.08,3.47,0.6,3.48
162,2012-01-10,17.85,18.33,18.48,17.81,9374,17108468.0,3.74,2.4,0.43,2.68
163,2012-01-11,18.19,18.24,18.49,18.01,4830,8812889.0,2.62,-0.49,-0.09,1.38
164,2012-01-12,17.95,17.51,18.29,17.45,7175,12754808.0,4.61,-4.0,-0.73,2.05
165,2012-01-13,17.36,16.7,17.67,16.33,8053,13551505.0,7.65,-4.63,-0.81,2.3
166,2012-01-16,16.7,16.56,17.0,16.39,3020,5043361.0,3.65,-0.84,-0.14,0.86
167,2012-01-17,16.56,17.35,17.37,16.5,5493,9347293.0,5.25,4.77,0.79,1.57
168,2012-01-18,17.25,16.52,17.63,16.48,4743,8071400.0,6.63,-4.78,-0.83,1.36
169,2012-01-19,16.35,16.92,17.27,16.35,2232,3767711.0,5.57,2.42,0.4,0.64
170,2012-01-20,16.71,17.14,17.42,16.71,5830,10045771.0,4.2,1.3,0.22,1.67
171,2012-01-30,17.1,17.35,17.88,17.1,4238,7437408.0,4.55,1.23,0.21,1.21
172,2012-01-31,17.58,17.3,17.58,17.2,2216,3836573.0,2.19,-0.29,-0.05,0.63
173,2012-02-01,17.22,17.02,17.56,17.0,3974,6863642.0,3.24,-1.62,-0.28,1.14
174,2012-02-02,17.16,17.07,17.25,15.38,12610,21078434.0,10.99,0.29,0.05,3.6
175,2012-02-03,16.9,17.36,17.5,16.8,8086,13869578.0,4.1,1.7,0.29,2.31
176,2012-02-06,17.36,17.49,17.56,17.02,8779,15216114.0,3.11,0.75,0.13,2.51
177,2012-02-07,17.36,17.16,17.45,17.0,5963,10276209.0,2.57,-1.89,-0.33,1.7
178,2012-02-08,17.2,17.56,17.64,17.08,5057,8784557.0,3.26,2.33,0.4,1.44
179,2012-02-09,17.41,17.49,17.86,17.41,5858,10344140.0,2.56,-0.4,-0.07,1.67
180,2012-02-10,17.36,17.52,17.68,17.31,8115,14207678.0,2.12,0.17,0.03,2.32
181,2012-02-13,17.4,17.92,18.18,17.3,9316,16617314.0,5.02,2.28,0.4,2.66
182,2012-02-14,17.6,18.1,18.19,17.6,7241,13019466.0,3.29,1.0,0.18,2.07
183,2012-02-15,18.1,18.23,18.32,17.88,7222,13113467.0,2.43,0.72,0.13,2.06
184,2012-02-16,18.28,18.3,18.47,18.04,8279,15093783.0,2.36,0.38,0.07,2.37
185,2012-02-17,18.39,18.2,18.47,17.95,4116,7469532.0,2.84,-0.55,-0.1,1.18
186,2012-02-20,18.45,18.18,18.45,18.12,5470,9972471.0,1.81,-0.11,-0.02,1.56
187,2012-02-21,18.23,18.12,18.23,17.9,11811,21287821.0,1.82,-0.33,-0.06,3.37
188,2012-02-22,18.16,18.77,18.78,18.12,14355,26541245.0,3.64,3.59,0.65,4.1
189,2012-02-23,18.77,18.92,19.19,18.53,9911,18700718.0,3.52,0.8,0.15,2.83
190,2012-02-24,18.95,19.06,19.08,18.55,9382,17702743.0,2.8,0.74,0.14,2.68
191,2012-02-27,19.09,19.05,19.25,18.9,8891,16978042.0,1.84,-0.05,-0.01,2.54
192,2012-02-28,19.0,18.8,19.05,18.6,7770,14605106.0,2.36,-1.31,-0.25,2.22
193,2012-02-29,18.8,18.23,18.8,18.23,9897,18289388.0,3.03,-3.03,-0.57,2.83
194,2012-03-01,18.18,18.16,18.45,18.13,10952,19974710.0,1.76,-0.38,-0.07,3.13
195,2012-03-02,18.18,18.4,18.48,18.17,24143,44108030.0,1.71,1.32,0.24,6.9
196,2012-03-05,18.43,18.67,18.91,18.4,18258,34105471.0,2.77,1.47,0.27,5.22
197,2012-03-06,18.65,18.65,18.79,18.2,13396,24734271.0,3.16,-0.11,-0.02,3.83
198,2012-03-07,18.5,18.52,18.88,18.31,9516,17739631.0,3.06,-0.7,-0.13,2.72
199,2012-03-08,18.75,18.94,19.08,18.6,8122,15298908.0,2.59,2.27,0.42,2.32
200,2012-03-09,18.99,19.22,19.28,18.9,8275,15826757.0,2.01,1.48,0.28,2.36
201,2012-03-12,19.22,19.23,19.38,18.74,12782,24359592.0,3.33,0.05,0.01,3.65
202,2012-03-13,19.2,19.3,19.34,19.01,7761,14893902.0,1.72,0.36,0.07,2.22
203,2012-03-14,19.35,18.6,19.62,18.31,20126,38759763.0,6.79,-3.63,-0.7,5.75
204,2012-03-15,18.76,18.81,19.09,18.42,9181,17240981.0,3.6,1.13,0.21,2.62
205,2012-03-16,18.78,19.44,19.46,18.72,16885,32463881.0,3.93,3.35,0.63,4.82
206,2012-03-19,19.42,19.57,19.75,19.33,14578,28398567.0,2.16,0.67,0.13,4.17
207,2012-03-20,19.49,19.08,19.6,19.01,11875,22899133.0,3.01,-2.5,-0.49,3.39
208,2012-03-21,19.1,18.78,19.25,18.5,7577,14225202.0,3.93,-1.57,-0.3,2.16
209,2012-03-22,18.71,18.75,18.94,18.7,4161,7823243.0,1.28,-0.16,-0.03,1.19
210,2012-03-23,18.7,18.38,18.85,18.35,3720,6900513.0,2.67,-1.97,-0.37,1.06
211,2012-03-26,18.35,18.2,18.58,18.11,4843,8854416.0,2.56,-0.98,-0.18,1.38
212,2012-03-27,18.2,18.21,18.44,18.16,3349,6135680.0,1.54,0.05,0.01,0.96
213,2012-03-28,18.22,17.18,18.3,17.01,6011,10613800.0,7.08,-5.66,-1.03,1.72
214,2012-03-29,17.18,17.2,17.45,16.8,3122,5362498.0,3.78,0.12,0.02,0.89
215,2012-03-30,17.42,17.61,18.2,17.32,8976,15902120.0,5.12,2.38,0.41,2.56
216,2012-04-05,17.52,18.05,18.13,17.52,5120,9166195.0,3.46,2.5,0.44,1.46
217,2012-04-06,18.1,18.09,18.44,18.03,4171,7596040.0,2.27,0.22,0.04,1.19
218,2012-04-09,18.0,17.82,18.11,17.8,3605,6481154.0,1.71,-1.49,-0.27,1.03
219,2012-04-10,17.63,18.0,18.07,17.51,2509,4456810.0,3.14,1.01,0.18,0.72
220,2012-04-11,17.81,18.28,18.4,17.75,5988,10925961.0,3.61,1.56,0.28,1.71
221,2012-04-12,18.39,18.53,18.59,18.12,4610,8475791.0,2.57,1.37,0.25,1.32
222,2012-04-13,18.5,18.42,18.55,18.25,4674,8602085.0,1.62,-0.59,-0.11,1.34
223,2012-04-16,18.4,18.35,18.54,18.34,2367,4363893.0,1.09,-0.38,-0.07,0.68
224,2012-04-17,18.25,18.06,18.29,18.03,3393,6160205.0,1.42,-1.58,-0.29,0.97
225,2012-04-18,18.15,18.4,18.46,18.1,3831,7010965.0,1.99,1.88,0.34,1.09
226,2012-04-19,18.46,18.4,18.49,18.25,3914,7186849.0,1.3,0.0,0.0,1.12
227,2012-04-20,18.38,18.49,18.55,18.26,5379,9919480.0,1.58,0.49,0.09,1.54
228,2012-04-23,18.5,17.8,18.52,17.57,6045,10843464.0,5.14,-3.73,-0.69,1.73
229,2012-04-24,17.8,17.33,17.8,17.0,8163,14111710.0,4.49,-2.64,-0.47,2.33
230,2012-04-25,17.35,17.26,17.48,17.17,4926,8513290.0,1.79,-0.4,-0.07,1.41
231,2012-04-26,17.3,17.26,17.41,17.15,3269,5641894.0,1.51,0.0,0.0,0.93
232,2012-05-02,17.58,17.73,17.75,17.35,5545,9733606.0,2.32,2.72,0.47,1.58
233,2012-05-03,17.61,17.72,17.74,17.5,3391,5978428.0,1.35,-0.06,-0.01,0.97
234,2012-05-04,17.73,18.02,18.05,17.56,4187,7469519.0,2.77,1.69,0.3,1.2
235,2012-05-07,18.0,18.32,18.33,17.71,4963,8996104.0,3.44,1.66,0.3,1.42
236,2012-05-08,18.27,17.79,18.29,17.51,6167,11115925.0,4.26,-2.89,-0.53,1.76
237,2012-05-09,17.71,17.58,17.89,17.55,5512,9790811.0,1.91,-1.18,-0.21,1.57
238,2012-05-10,17.52,17.73,17.85,17.51,3502,6197370.0,1.93,0.85,0.15,1.0
239,2012-05-11,17.74,17.95,18.3,17.63,6680,12001506.0,3.78,1.24,0.22,1.26
240,2012-05-14,18.1,18.26,18.35,17.92,8367,15189803.0,2.4,1.73,0.31,1.58
241,2012-05-15,18.01,18.12,18.28,17.95,6113,11073613.0,1.81,-0.77,-0.14,1.15
242,2012-05-16,18.08,18.09,18.2,17.99,3839,6933292.0,1.16,-0.17,-0.03,0.72
243,2012-05-17,18.1,18.38,18.5,18.03,5860,10704782.0,2.6,1.6,0.29,1.1
244,2012-05-18,18.17,17.86,18.45,17.8,6359,11514221.0,3.54,-2.83,-0.52,1.2
245,2012-05-21,17.86,17.78,18.0,17.67,4643,8298937.0,1.85,-0.45,-0.08,0.87
246,2012-05-22,17.97,17.9,18.02,17.8,4262,7631003.0,1.24,0.67,0.12,0.8
247,2012-05-23,17.9,18.03,18.08,17.5,5702,10130122.0,3.24,0.73,0.13,1.07
248,2012-05-24,18.0,18.0,18.14,17.72,4372,7844989.0,2.33,-0.17,-0.03,0.82
249,2012-05-25,17.91,17.92,18.04,17.74,4064,7275910.0,1.67,-0.44,-0.08,0.77
250,2012-05-28,17.73,18.7,18.89,17.58,15862,29376279.0,7.31,4.35,0.78,2.99
251,2012-05-29,18.52,18.25,18.65,17.95,27736,50621088.0,3.74,-2.41,-0.45,5.23
252,2012-05-30,18.17,18.15,18.38,18.01,6873,12515769.0,2.03,-0.55,-0.1,1.3
253,2012-05-31,18.01,18.19,18.41,17.92,10902,19841726.0,2.7,0.22,0.04,2.05
254,2012-06-01,18.16,18.23,18.28,18.05,9156,16635242.0,1.26,0.22,0.04,1.73
255,2012-06-04,17.93,17.53,17.95,17.3,15696,27529754.0,3.57,-3.84,-0.7,2.96
256,2012-06-05,17.4,17.35,17.55,17.2,3695,6410150.0,2.0,-1.03,-0.18,0.7
257,2012-06-06,17.48,17.35,17.49,17.22,3151,5453098.0,1.56,0.0,0.0,0.59
258,2012-06-07,17.48,17.12,17.55,17.12,4941,8555168.0,2.48,-1.33,-0.23,0.93
259,2012-06-08,17.32,17.03,17.42,17.03,4686,8041748.0,2.28,-0.53,-0.09,0.88
260,2012-06-11,17.0,17.18,17.32,17.0,6234,10673473.0,1.88,0.88,0.15,1.17
261,2012-06-12,17.17,17.04,17.17,16.94,2963,5044202.0,1.34,-0.81,-0.14,0.56
262,2012-06-13,17.2,17.31,17.42,17.16,6127,10596235.0,1.53,1.58,0.27,1.15
263,2012-06-14,17.31,17.19,17.38,17.15,4754,8207962.0,1.33,-0.69,-0.12,0.9
264,2012-06-15,17.24,17.22,17.33,17.05,3173,5462693.0,1.63,0.17,0.03,0.6
265,2012-06-18,17.33,17.34,17.47,17.28,6523,11332188.0,1.1,0.7,0.12,1.23
266,2012-06-19,11.46,11.31,11.46,11.22,4800,5443200.0,1.38,-34.78,-6.03,0.6
267,2012-06-20,11.33,11.53,11.56,11.32,7360,8445269.0,2.12,1.95,0.22,0.92
268,2012-06-21,11.53,11.29,11.53,11.23,4519,5110860.0,2.6,-2.08,-0.24,0.57
269,2012-06-25,11.29,10.95,11.29,10.9,5369,5930981.0,3.45,-3.01,-0.34,0.67
270,2012-06-26,11.04,10.79,11.12,10.6,6549,7031068.0,4.75,-1.46,-0.16,0.82
271,2012-06-27,10.74,10.78,10.9,10.6,4481,4845391.0,2.78,-0.09,-0.01,0.56
272,2012-06-28,10.78,10.61,10.94,10.61,3792,4083617.0,3.06,-1.58,-0.17,0.48
273,2012-06-29,10.61,10.73,10.77,10.5,2633,2806585.0,2.54,1.13,0.12,0.33
274,2012-07-02,10.86,10.81,10.88,10.73,4128,4469182.0,1.4,0.75,0.08,0.52
275,2012-07-03,10.85,10.86,10.99,10.76,4340,4731115.0,2.13,0.46,0.05,0.55
276,2012-07-04,10.85,10.8,10.97,10.77,3853,4191627.0,1.84,-0.55,-0.06,0.48
277,2012-07-05,10.76,10.55,10.76,10.5,4993,5287826.0,2.41,-2.31,-0.25,0.63
278,2012-07-06,10.51,10.99,10.99,10.48,13626,14678417.0,4.83,4.17,0.44,1.71
279,2012-07-09,10.9,10.9,11.18,10.83,10895,11996273.0,3.18,-0.82,-0.09,1.37
280,2012-07-10,10.99,10.95,11.2,10.89,7227,7935608.0,2.84,0.46,0.05,0.91
281,2012-07-11,10.83,11.03,11.08,10.83,4690,5146770.0,2.28,0.73,0.08,0.59
282,2012-07-12,11.1,11.23,11.43,10.91,9457,10646327.0,4.71,1.81,0.2,1.19
283,2012-07-13,11.23,10.99,11.45,10.92,6992,7827261.0,4.72,-2.14,-0.24,0.88
284,2012-07-16,11.28,11.01,11.49,10.98,15774,17759076.0,4.64,0.18,0.02,1.98
285,2012-07-17,10.82,11.14,11.25,10.82,6639,7329361.0,3.91,1.18,0.13,0.83
286,2012-07-18,11.09,11.69,11.7,11.06,30503,34998376.0,5.75,4.94,0.55,3.83
287,2012-07-19,11.6,11.59,11.91,11.49,42055,49111121.0,3.59,-0.86,-0.1,5.28
288,2012-07-20,11.52,11.62,11.69,11.48,12965,15046367.0,1.81,0.26,0.03,1.63
289,2012-07-23,11.52,11.57,11.8,11.51,8208,9561131.0,2.5,-0.43,-0.05,1.03
290,2012-07-24,11.43,11.51,11.62,11.2,10342,11805671.0,3.63,-0.52,-0.06,1.3
291,2012-07-25,11.48,11.26,11.51,11.18,11860,13419374.0,2.87,-2.17,-0.25,1.49
292,2012-07-26,11.19,11.24,11.39,11.16,5101,5736207.0,2.04,-0.18,-0.02,0.64
293,2012-07-27,11.17,11.34,11.34,11.17,5333,6017684.0,1.51,0.89,0.1,0.67
294,2012-07-30,11.34,11.22,11.34,11.12,5023,5640829.0,1.94,-1.06,-0.12,0.63
295,2012-07-31,11.27,11.15,11.27,10.8,9976,10955836.0,4.19,-0.62,-0.07,1.25
296,2012-08-01,11.1,11.35,11.58,11.1,3660,4160703.0,4.3,1.79,0.2,0.46
297,2012-08-02,11.35,11.5,11.56,11.3,4979,5677600.0,2.29,1.32,0.15,0.63
298,2012-08-03,11.65,11.81,11.86,11.45,14780,17247289.0,3.57,2.7,0.31,1.86
299,2012-08-06,11.8,12.04,12.1,11.67,13488,16082847.0,3.64,1.95,0.23,1.69
300,2012-08-07,12.1,11.97,12.15,11.89,10902,13083116.0,2.16,-0.58,-0.07,1.37
301,2012-08-08,11.9,11.97,12.13,11.85,10589,12718249.0,2.34,0.0,0.0,1.33
302,2012-08-09,11.96,12.2,12.34,11.87,14855,18058878.0,3.93,1.92,0.23,1.87
303,2012-08-10,12.2,12.5,12.54,12.04,24288,30086797.0,4.1,2.46,0.3,3.05
304,2012-08-13,12.48,12.22,12.63,12.2,19951,24788157.0,3.44,-2.24,-0.28,2.51
305,2012-08-14,12.18,12.45,12.48,12.07,12011,14735854.0,3.36,1.88,0.23,1.51
306,2012-08-15,12.36,12.18,12.45,12.13,15897,19444756.0,2.57,-2.17,-0.27,2.0
307,2012-08-16,12.15,12.11,12.21,12.04,4019,4869661.0,1.4,-0.57,-0.07,0.5
308,2012-08-17,12.15,12.14,12.15,11.91,5156,6207030.0,1.98,0.25,0.03,0.65
309,2012-08-20,12.11,12.4,12.5,11.95,9597,11832316.0,4.53,2.14,0.26,1.21
310,2012-08-21,12.47,12.66,12.78,12.25,16913,21362006.0,4.27,2.1,0.26,2.12
311,2012-08-22,12.55,12.85,13.06,12.55,22025,28489772.0,4.03,1.5,0.19,2.77
312,2012-08-23,12.85,12.93,13.03,12.81,14657,18927773.0,1.71,0.62,0.08,1.84
313,2012-08-24,12.83,12.73,12.92,12.66,7630,9728864.0,2.01,-1.55,-0.2,0.96
314,2012-08-27,12.6,12.72,12.92,12.41,7243,9215285.0,4.01,-0.08,-0.01,0.91
315,2012-08-28,12.7,12.95,13.08,12.64,10319,13331565.0,3.46,1.81,0.23,1.3
316,2012-08-29,12.8,13.05,13.28,12.8,15955,21018456.0,3.71,0.77,0.1,2.0
317,2012-08-30,13.05,12.9,13.25,12.45,27023,34845724.0,6.13,-1.15,-0.15,3.39
318,2012-08-31,12.9,13.21,13.25,12.65,13157,17224498.0,4.65,2.4,0.31,1.65
319,2012-09-03,13.22,12.92,13.35,12.87,24062,31438121.0,3.63,-2.2,-0.29,3.02
320,2012-09-04,12.94,12.52,12.98,12.52,18804,23961521.0,3.56,-3.1,-0.4,2.36
321,2012-09-05,12.48,12.66,12.76,12.46,5209,6593692.0,2.4,1.12,0.14,0.65
322,2012-09-06,12.66,12.8,12.8,12.57,7687,9754475.0,1.82,1.11,0.14,0.97
323,2012-09-07,12.88,13.75,13.8,12.8,30740,41170662.0,7.81,7.42,0.95,3.86
324,2012-09-10,14.11,13.71,14.11,13.51,16465,22666327.0,4.36,-0.29,-0.04,2.07
325,2012-09-11,13.65,13.48,13.65,13.25,17196,23020748.0,2.92,-1.68,-0.23,2.16
326,2012-09-12,13.48,13.53,13.69,13.33,10813,14610664.0,2.67,0.37,0.05,1.36
327,2012-09-13,13.55,13.54,13.68,13.4,8291,11235700.0,2.07,0.07,0.01,1.04
328,2012-09-14,13.62,13.51,13.7,13.2,6574,8808868.0,3.69,-0.22,-0.03,0.83
329,2012-09-17,13.48,13.13,13.53,13.13,4744,6296878.0,2.96,-2.81,-0.38,0.6
330,2012-09-18,13.11,13.22,13.3,12.87,4399,5789025.0,3.27,0.69,0.09,0.55
331,2012-09-19,13.37,13.39,13.4,13.21,3662,4882596.0,1.44,1.29,0.17,0.46
332,2012-09-20,13.39,13.24,13.39,13.15,6338,8391988.0,1.79,-1.12,-0.15,0.8
333,2012-09-21,13.2,13.13,13.35,13.05,2901,3816765.0,2.27,-0.83,-0.11,0.36
334,2012-09-24,13.1,12.93,13.1,12.28,8821,11319568.0,6.25,-1.52,-0.2,1.11
335,2012-09-25,12.9,12.89,13.09,12.7,4705,6075859.0,3.02,-0.31,-0.04,0.59
336,2012-09-26,12.61,12.8,12.98,12.61,4842,6239035.0,2.87,-0.7,-0.09,0.61
337,2012-09-27,12.66,13.06,13.17,12.5,7669,9857564.0,5.23,2.03,0.26,0.96
338,2012-09-28,13.0,13.45,13.45,12.68,9143,12051493.0,5.9,2.99,0.39,1.15
339,2012-10-08,13.45,13.27,13.5,13.25,1652,2204250.0,1.86,-1.34,-0.18,0.21
340,2012-10-09,13.43,13.88,13.92,13.36,9786,13462108.0,4.22,4.6,0.61,1.23
341,2012-10-10,13.65,13.96,14.07,13.65,7938,11063845.0,3.03,0.58,0.08,1.0
342,2012-10-11,13.7,13.48,14.2,13.2,12462,17128301.0,7.16,-3.44,-0.48,1.57
343,2012-10-12,13.4,13.49,13.59,13.3,4741,6359430.0,2.15,0.07,0.01,0.6
344,2012-10-15,13.2,13.19,13.58,13.0,3729,4926500.0,4.3,-2.22,-0.3,0.47
345,2012-10-16,13.2,12.94,13.3,12.9,4202,5521174.0,3.03,-1.9,-0.25,0.53
346,2012-10-17,13.17,13.0,13.18,12.74,3603,4639547.0,3.4,0.46,0.06,0.45
347,2012-10-18,13.0,13.18,13.18,12.99,3855,5040406.0,1.46,1.38,0.18,0.48
348,2012-10-19,13.2,13.14,13.2,13.01,1606,2103544.0,1.44,-0.3,-0.04,0.2
349,2012-10-22,13.18,13.59,13.6,13.05,5274,7087918.0,4.19,3.42,0.45,0.66
350,2012-10-23,13.69,13.44,13.78,13.4,4576,6188771.0,2.8,-1.1,-0.15,0.57
351,2012-10-24,13.41,13.42,13.65,13.3,4545,6132146.0,2.6,-0.15,-0.02,0.57
352,2012-10-25,13.12,13.12,13.5,13.08,3939,5233031.0,3.13,-2.24,-0.3,0.49
353,2012-10-26,13.22,12.95,13.22,12.9,2313,3011982.0,2.44,-1.3,-0.17,0.29
354,2012-10-29,12.89,12.5,13.1,12.49,3752,4779311.0,4.71,-3.47,-0.45,0.47
355,2012-10-30,12.53,12.71,12.82,12.5,1956,2481342.0,2.56,1.68,0.21,0.25
356,2012-10-31,12.82,12.77,12.83,12.62,850,1078766.0,1.65,0.47,0.06,0.11
357,2012-11-01,12.77,13.1,13.18,12.77,2573,3344030.0,3.21,2.58,0.33,0.32
358,2012-11-02,13.05,13.11,13.25,12.93,1705,2231193.0,2.44,0.08,0.01,0.21
359,2012-11-05,13.15,12.92,13.17,12.77,3041,3926917.0,3.05,-1.45,-0.19,0.38
360,2012-11-06,12.85,12.78,12.97,12.66,2170,2779054.0,2.4,-1.08,-0.14,0.27
361,2012-11-07,12.72,12.85,12.93,12.71,3402,4351625.0,1.72,0.55,0.07,0.43
362,2012-11-08,12.62,12.41,12.79,12.4,1586,2005239.0,3.04,-3.42,-0.44,0.2
363,2012-11-09,12.25,12.48,12.57,12.25,1961,2442192.0,2.58,0.56,0.07,0.25
364,2012-11-12,12.54,12.58,12.92,12.45,3065,3891145.0,3.77,0.8,0.1,0.39
365,2012-11-13,12.52,12.26,12.52,12.23,2686,3308585.0,2.31,-2.54,-0.32,0.34
366,2012-11-14,12.25,12.39,12.42,12.24,1391,1712895.0,1.47,1.06,0.13,0.17
367,2012-11-15,12.2,12.04,12.29,12.0,998,1214996.0,2.34,-2.82,-0.35,0.13
368,2012-11-16,12.14,11.94,12.14,11.83,1955,2330320.0,2.57,-0.83,-0.1,0.25
369,2012-11-19,11.85,12.48,12.55,11.61,7481,9156096.0,7.87,4.52,0.54,0.94
370,2012-11-20,12.3,12.35,12.53,12.3,866,1075318.0,1.84,-1.04,-0.13,0.11
371,2012-11-21,12.31,12.4,12.5,12.21,1077,1329413.0,2.35,0.4,0.05,0.14
372,2012-11-22,12.4,12.24,12.4,12.09,1809,2204254.0,2.5,-1.29,-0.16,0.23
373,2012-11-23,12.23,12.12,12.23,12.04,1126,1370310.0,1.55,-0.98,-0.12,0.14
374,2012-11-26,11.85,12.18,12.86,11.85,1579,1912639.0,8.33,0.5,0.06,0.2
375,2012-11-27,12.01,11.91,12.2,11.63,1439,1699001.0,4.68,-2.22,-0.27,0.18
376,2012-11-28,11.8,11.8,11.97,11.67,1194,1410652.0,2.52,-0.92,-0.11,0.15
377,2012-11-29,11.84,11.76,11.92,11.68,557,655029.0,2.03,-0.34,-0.04,0.07
378,2012-11-30,11.7,11.66,11.94,11.54,1486,1746203.0,3.4,-0.85,-0.1,0.19
379,2012-12-03,11.6,11.45,11.8,11.45,1333,1541394.0,3.0,-1.8,-0.21,0.17
380,2012-12-04,11.36,11.44,11.45,11.16,3181,3582867.0,2.53,-0.09,-0.01,0.4
381,2012-12-05,11.39,11.7,11.92,11.36,2727,3204138.0,4.9,2.27,0.26,0.34
382,2012-12-06,11.7,11.72,11.83,11.6,1975,2308705.0,1.97,0.17,0.02,0.25
383,2012-12-07,11.6,12.15,12.17,11.42,3480,4172313.0,6.4,3.67,0.43,0.44
384,2012-12-10,12.05,12.17,12.23,12.05,4640,5629730.0,1.48,0.16,0.02,0.58
385,2012-12-11,12.15,12.09,12.21,12.07,1434,1737491.0,1.15,-0.66,-0.08,0.18
386,2012-12-12,12.07,11.91,12.17,11.83,3500,4192746.0,2.81,-1.49,-0.18,0.44
387,2012-12-13,12.0,11.59,12.0,11.5,4812,5585422.0,4.2,-2.69,-0.32,0.6
388,2012-12-14,11.55,11.89,11.98,11.48,18018,21092192.0,4.31,2.59,0.3,2.26
389,2012-12-17,11.8,11.69,11.93,11.25,14844,17361079.0,5.72,-1.68,-0.2,1.86
390,2012-12-18,11.64,11.74,11.85,11.48,6866,8008354.0,3.17,0.43,0.05,0.86
391,2012-12-19,11.6,11.67,11.76,11.56,6743,7849210.0,1.7,-0.6,-0.07,0.85
392,2012-12-20,11.67,11.5,11.67,11.39,7546,8691415.0,2.4,-1.46,-0.17,0.95
393,2012-12-21,11.51,11.72,11.72,11.5,13145,15273232.0,1.91,1.91,0.22,1.65
394,2012-12-24,11.68,12.26,12.28,11.68,21742,26139835.0,5.12,4.61,0.54,2.73
395,2012-12-25,12.22,12.33,12.47,12.06,14722,18060848.0,3.34,0.57,0.07,1.85
396,2012-12-26,12.37,12.59,12.61,12.28,16521,20519984.0,2.68,2.11,0.26,2.08
397,2012-12-27,12.6,12.31,12.7,12.3,13428,16746815.0,3.18,-2.22,-0.28,1.69
398,2012-12-28,12.31,12.34,12.4,12.13,10099,12392196.0,2.19,0.24,0.03,1.27
399,2012-12-31,12.29,12.65,12.65,12.2,22627,28033170.0,3.65,2.51,0.31,2.84
400,2013-01-04,12.66,12.35,12.66,12.3,14094,17484633.0,2.85,-2.37,-0.3,1.77
401,2013-01-07,12.2,12.37,12.38,12.2,16706,20513430.0,1.46,0.16,0.02,2.1
402,2013-01-08,12.31,12.9,12.9,12.31,27518,34978335.0,4.77,4.28,0.53,3.46
403,2013-01-09,12.83,12.79,13.05,12.56,18179,23327304.0,3.8,-0.85,-0.11,2.28
404,2013-01-10,12.75,12.83,13.14,12.67,13853,17836669.0,3.67,0.31,0.04,1.74
405,2013-01-11,12.83,12.34,12.9,12.26,16850,21178604.0,4.99,-3.82,-0.49,2.12
406,2013-01-14,12.3,12.79,12.87,12.25,16663,21116053.0,5.02,3.65,0.45,2.09
407,2013-01-15,12.76,12.96,13.1,12.73,28170,36395780.0,2.89,1.33,0.17,3.54
408,2013-01-16,13.0,12.96,13.34,12.72,37367,48765717.0,4.78,0.0,0.0,4.69
409,2013-01-17,12.99,12.82,13.07,12.79,17396,22425240.0,2.16,-1.08,-0.14,2.19
410,2013-01-18,12.87,13.12,13.25,12.8,22604,29493579.0,3.51,2.34,0.3,2.84
411,2013-01-21,13.21,13.11,13.42,13.05,24142,31855566.0,2.82,-0.08,-0.01,3.03
412,2013-01-22,13.17,12.72,13.17,12.56,25688,32954927.0,4.65,-2.97,-0.39,3.23
413,2013-01-23,12.6,12.66,12.76,12.42,13780,17370690.0,2.67,-0.47,-0.06,1.73
414,2013-01-24,12.63,12.12,12.75,12.12,22965,28687663.0,4.98,-4.27,-0.54,2.89
415,2013-01-25,12.11,12.08,12.18,11.96,13118,15854355.0,1.82,-0.33,-0.04,1.65
416,2013-01-28,11.97,12.34,12.34,11.96,22726,27701881.0,3.15,2.15,0.26,2.86
417,2013-01-29,12.32,12.41,12.48,12.26,12392,15359055.0,1.78,0.57,0.07,1.56
418,2013-01-30,12.4,12.38,12.53,12.21,11311,13975585.0,2.58,-0.24,-0.03,1.42
419,2013-01-31,12.01,11.5,12.01,11.35,50050,57809319.0,5.33,-7.11,-0.88,6.29
420,2013-02-01,11.44,11.45,11.64,11.37,25175,28968783.0,2.35,-0.43,-0.05,3.16
421,2013-02-04,11.46,11.23,11.53,11.16,36895,41638625.0,3.23,-1.92,-0.22,4.64
422,2013-02-05,11.18,11.37,11.37,11.14,18304,20679278.0,2.05,1.25,0.14,2.3
423,2013-02-06,11.42,11.48,11.57,11.37,30046,34401499.0,1.76,0.97,0.11,3.77
424,2013-02-07,11.49,11.43,11.51,11.28,29998,34113645.0,2.0,-0.44,-0.05,3.77
425,2013-02-08,11.4,11.61,11.62,11.39,33162,38296024.0,2.01,1.57,0.18,4.17
426,2013-02-18,11.65,11.77,11.84,11.65,49088,57608278.0,1.64,1.38,0.16,6.17
427,2013-02-19,11.7,11.74,11.87,11.68,33987,39946647.0,1.61,-0.25,-0.03,4.27
428,2013-02-20,11.8,12.02,12.03,11.73,29595,35180788.0,2.56,2.39,0.28,3.72
429,2013-02-21,11.95,11.74,12.01,11.63,32291,38164135.0,3.16,-2.33,-0.28,4.06
430,2013-02-22,11.71,11.68,11.79,11.62,23801,27834371.0,1.45,-0.51,-0.06,2.99
431,2013-02-25,11.7,11.82,11.87,11.69,17600,20736629.0,1.54,1.2,0.14,2.21
432,2013-02-26,11.75,11.57,11.89,11.53,20882,24554853.0,3.05,-2.12,-0.25,2.62
433,2013-02-27,11.65,11.43,11.67,11.41,20026,23056358.0,2.25,-1.21,-0.14,2.52
434,2013-02-28,11.46,11.81,11.84,11.46,21884,25676109.0,3.32,3.32,0.38,2.75
435,2013-03-01,11.9,12.25,12.68,11.69,61096,74481384.0,8.38,3.73,0.44,7.68
436,2013-03-04,12.1,11.85,12.27,11.76,38381,46091541.0,4.16,-3.27,-0.4,4.82
437,2013-03-05,11.92,12.12,12.15,11.81,26326,31642313.0,2.87,2.28,0.27,3.31
438,2013-03-06,12.19,12.24,12.34,12.15,30176,36968025.0,1.57,0.99,0.12,3.79
439,2013-03-07,12.29,12.05,12.29,11.99,26526,32297800.0,2.45,-1.55,-0.19,3.33
440,2013-03-08,12.12,11.9,12.14,11.83,14626,17490841.0,2.57,-1.24,-0.15,1.84
441,2013-03-11,11.85,11.92,11.99,11.8,11270,13422079.0,1.6,0.17,0.02,1.42
442,2013-03-12,11.93,11.56,12.02,11.44,17203,20098284.0,4.87,-3.02,-0.36,2.16
443,2013-03-13,11.5,11.45,11.57,11.32,10166,11626314.0,2.16,-0.95,-0.11,1.28
444,2013-03-14,11.38,11.45,11.57,11.38,7204,8274437.0,1.66,0.0,0.0,0.91
445,2013-03-15,11.5,11.68,11.8,11.4,18948,22027133.0,3.49,2.01,0.23,2.38
446,2013-03-18,11.67,11.25,11.74,11.25,15947,18343489.0,4.2,-3.68,-0.43,2.0
447,2013-03-19,11.26,11.44,11.58,11.23,16085,18338811.0,3.11,1.69,0.19,2.02
448,2013-03-20,11.39,11.62,11.63,11.25,25247,28981051.0,3.32,1.57,0.18,3.17
449,2013-03-21,11.62,11.67,11.8,11.55,27103,31683189.0,2.15,0.43,0.05,3.4
450,2013-03-22,11.65,11.55,11.69,11.47,18282,21113390.0,1.89,-1.03,-0.12,2.3
451,2013-03-25,11.55,11.63,11.67,11.48,13833,16008570.0,1.65,0.69,0.08,1.74
452,2013-03-26,11.6,11.38,11.61,11.29,17405,19829179.0,2.75,-2.15,-0.25,2.19
453,2013-03-27,11.38,11.43,11.49,11.33,9798,11170619.0,1.41,0.44,0.05,1.23
454,2013-03-28,11.35,10.8,11.35,10.71,36321,39663215.0,5.6,-5.51,-0.63,4.56
455,2013-03-29,10.83,10.82,10.87,10.72,13128,14168025.0,1.39,0.19,0.02,1.65
456,2013-04-01,10.8,10.82,10.92,10.76,12790,13832066.0,1.48,0.0,0.0,1.61
457,2013-04-02,10.81,10.17,10.88,10.12,48577,50508814.0,7.02,-6.01,-0.65,6.1
458,2013-04-03,10.18,9.87,10.26,9.7,46646,46049648.0,5.51,-2.95,-0.3,5.86
459,2013-04-08,9.58,9.53,9.58,9.28,25758,24257494.0,3.04,-3.44,-0.34,3.24
460,2013-04-09,9.53,9.63,9.7,9.52,17807,17115037.0,1.89,1.05,0.1,2.24
461,2013-04-10,9.63,9.55,9.64,9.45,16162,15440911.0,1.97,-0.83,-0.08,2.03
462,2013-04-11,9.6,9.59,9.68,9.53,12344,11864135.0,1.57,0.42,0.04,1.55
463,2013-04-12,9.59,9.46,9.64,9.42,12657,12072995.0,2.29,-1.36,-0.13,1.59
464,2013-04-15,9.51,9.22,9.51,9.19,14925,13814906.0,3.38,-2.54,-0.24,1.87
465,2013-04-16,9.19,9.35,9.35,9.02,10735,9924352.0,3.58,1.41,0.13,1.35
466,2013-04-17,9.36,9.41,9.42,9.29,9028,8450808.0,1.39,0.64,0.06,1.13
467,2013-04-18,9.36,9.44,9.46,9.3,10989,10333694.0,1.7,0.32,0.03,1.38
468,2013-04-19,9.43,9.64,9.7,9.43,19474,18643639.0,2.86,2.12,0.2,2.45
469,2013-04-22,9.64,9.68,9.77,9.54,18169,17545560.0,2.39,0.41,0.04,2.28
470,2013-04-23,9.68,9.22,9.68,9.22,17247,16183733.0,4.75,-4.75,-0.46,2.17
471,2013-04-24,9.25,9.31,9.4,9.18,15471,14357133.0,2.39,0.98,0.09,1.94
472,2013-04-25,9.28,9.03,9.3,9.03,20023,18301210.0,2.9,-3.01,-0.28,2.52
473,2013-04-26,9.06,8.64,9.09,8.62,23091,20337769.0,5.2,-4.32,-0.39,2.9
474,2013-05-02,8.6,8.65,8.66,8.53,11700,10048797.0,1.5,0.12,0.01,1.47
475,2013-05-03,8.68,8.8,8.86,8.65,14246,12531710.0,2.43,1.73,0.15,1.79
476,2013-05-06,8.8,8.87,8.94,8.8,18020,16017985.0,1.59,0.8,0.07,2.26
477,2013-05-07,8.88,8.89,8.96,8.82,17125,15224905.0,1.58,0.23,0.02,2.15
478,2013-05-08,8.92,9.26,9.51,8.86,43686,39935235.0,7.31,4.16,0.37,5.49
479,2013-05-09,9.17,9.17,9.24,9.05,24636,22556741.0,2.05,-0.97,-0.09,3.1
480,2013-05-10,9.17,9.27,9.35,9.08,21513,19800384.0,2.94,1.09,0.1,2.7
481,2013-05-13,9.28,9.21,9.29,9.12,17369,15977011.0,1.83,-0.65,-0.06,2.18
482,2013-05-14,9.21,8.97,9.21,8.93,17783,16034529.0,3.04,-2.61,-0.24,2.23
483,2013-05-15,8.97,9.15,9.18,8.97,16425,14893228.0,2.34,2.01,0.18,2.06
484,2013-05-16,9.15,9.21,9.33,9.1,28033,25878077.0,2.51,0.66,0.06,3.52
485,2013-05-17,9.21,9.6,9.7,9.19,43475,41294156.0,5.54,4.23,0.39,5.46
486,2013-05-20,9.56,9.8,9.91,9.51,38052,37036266.0,4.17,2.08,0.2,4.78
487,2013-05-21,9.81,9.86,9.95,9.75,33948,33420922.0,2.04,0.61,0.06,4.26
488,2013-05-22,9.82,9.68,9.99,9.65,31762,31099613.0,3.45,-1.83,-0.18,3.99
489,2013-05-23,9.67,9.52,9.71,9.52,23590,22673956.0,1.96,-1.65,-0.16,2.96
490,2013-05-24,9.63,9.76,9.76,9.53,25531,24721739.0,2.42,2.52,0.24,3.21
491,2013-05-27,9.73,10.07,10.26,9.73,41921,41908898.0,5.43,3.18,0.31,5.27
492,2013-05-28,10.09,9.99,10.21,9.82,33605,33661457.0,3.87,-0.79,-0.08,4.22
493,2013-05-29,9.99,10.0,10.05,9.9,21497,21468825.0,1.5,0.1,0.01,2.7
494,2013-05-30,9.98,9.9,10.0,9.86,20116,19979665.0,1.4,-1.0,-0.1,2.53
495,2013-05-31,9.92,9.91,10.02,9.9,15889,15814043.0,1.21,0.1,0.01,2.0
496,2013-06-03,9.91,9.7,9.98,9.69,16726,16430724.0,2.93,-2.12,-0.21,2.1
497,2013-06-04,9.65,9.5,9.67,9.44,16896,16092780.0,2.37,-2.06,-0.2,2.12
498,2013-06-05,9.5,9.52,9.75,9.48,10296,9868629.0,2.84,0.21,0.02,1.29
499,2013-06-06,9.49,9.13,9.5,9.05,15083,14038104.0,4.73,-4.1,-0.39,1.89
500,2013-06-07,9.21,9.1,9.37,9.01,12481,11429656.0,3.94,-0.33,-0.03,1.57
501,2013-06-13,8.99,8.8,8.99,8.67,10487,9209995.0,3.52,-3.3,-0.3,1.32
502,2013-06-14,8.85,8.95,9.02,8.8,11539,10268168.0,2.5,1.7,0.15,1.45
503,2013-06-17,8.95,8.87,9.02,8.8,11386,10141703.0,2.46,-0.89,-0.08,1.43
504,2013-06-18,8.84,8.92,8.98,8.8,7186,6377268.0,2.03,0.56,0.05,0.9
505,2013-06-19,8.87,8.77,8.88,8.64,11637,10148909.0,2.69,-1.68,-0.15,1.46
506,2013-06-20,8.71,8.62,8.92,8.62,17278,15074935.0,3.42,-1.71,-0.15,2.17
507,2013-06-21,8.55,8.6,8.73,8.31,14380,12181658.0,4.87,-0.23,-0.02,1.81
508,2013-06-24,8.57,8.06,8.57,8.0,10775,8895962.0,6.63,-6.28,-0.54,1.35
509,2013-06-25,8.0,7.88,8.12,7.4,18191,14120735.0,8.93,-2.23,-0.18,2.29
510,2013-06-26,7.89,7.99,7.99,7.78,12712,10044410.0,2.66,1.4,0.11,1.6
511,2013-06-27,7.92,7.71,8.2,7.7,15587,12412981.0,6.26,-3.5,-0.28,1.96
512,2013-06-28,7.73,7.62,7.85,7.5,7064,5427324.0,4.54,-1.17,-0.09,0.89
513,2013-07-01,7.61,7.76,7.77,7.51,8810,6731731.0,3.41,1.84,0.14,1.11
514,2013-07-02,7.76,7.93,7.97,7.68,14725,11597050.0,3.74,2.19,0.17,1.85
515,2013-07-03,7.85,7.85,7.89,7.65,10371,8067323.0,3.03,-1.01,-0.08,1.3
516,2013-07-04,7.8,7.98,8.21,7.65,20096,16001636.0,7.13,1.66,0.13,2.52
517,2013-07-05,7.93,7.84,8.04,7.8,11394,9047500.0,3.01,-1.75,-0.14,1.43
518,2013-07-08,7.74,7.36,7.74,7.36,15423,11547054.0,4.85,-6.12,-0.48,1.94
519,2013-07-09,7.36,7.45,7.56,7.25,9833,7282053.0,4.21,1.22,0.09,1.24
520,2013-07-10,7.46,7.72,7.88,7.41,11313,8619690.0,6.31,3.62,0.27,1.42
521,2013-07-11,7.73,7.85,7.95,7.65,23283,18147885.0,3.89,1.68,0.13,2.92
522,2013-07-12,7.85,7.74,7.95,7.74,15590,12238770.0,2.68,-1.4,-0.11,1.96
523,2013-07-15,7.7,7.84,7.88,7.68,12577,9835883.0,2.58,1.29,0.1,1.58
524,2013-07-16,7.84,8.01,8.08,7.84,20411,16272734.0,3.06,2.17,0.17,2.56
525,2013-07-17,8.01,7.88,8.06,7.83,14733,11732785.0,2.87,-1.62,-0.13,1.85
526,2013-07-18,7.81,7.89,7.94,7.78,12249,9631497.0,2.03,0.13,0.01,1.54
527,2013-07-19,7.93,7.95,8.29,7.9,27578,22173661.0,4.94,0.76,0.06,3.46
528,2013-07-22,7.93,8.14,8.14,7.78,17250,13816983.0,4.53,2.39,0.19,2.17
529,2013-07-23,8.18,8.49,8.6,8.16,36790,30918503.0,5.41,4.3,0.35,4.62
530,2013-07-24,8.49,8.47,8.53,8.33,18902,15914633.0,2.36,-0.24,-0.02,2.37
531,2013-07-25,8.47,8.26,8.5,8.11,23103,19219792.0,4.6,-2.48,-0.21,2.9
532,2013-07-26,8.22,8.26,8.37,8.01,13341,10912690.0,4.36,0.0,0.0,1.68
533,2013-07-29,8.18,8.14,8.27,8.1,10200,8325826.0,2.06,-1.45,-0.12,1.28
534,2013-07-30,8.13,7.95,8.29,7.5,11745,9370019.0,9.71,-2.33,-0.19,1.48
535,2013-07-31,7.95,7.99,8.13,7.95,10860,8693707.0,2.26,0.5,0.04,1.36
536,2013-08-01,7.99,8.29,8.32,7.99,21540,17727469.0,4.13,3.75,0.3,2.71
537,2013-08-02,8.33,8.39,8.56,8.29,25316,21336874.0,3.26,1.21,0.1,3.18
538,2013-08-05,8.43,8.47,8.52,8.36,15906,13470553.0,1.91,0.95,0.08,2.0
539,2013-08-06,8.47,8.52,8.6,8.43,15709,13377298.0,2.01,0.59,0.05,1.97
540,2013-08-07,8.47,8.33,8.56,8.3,16048,13518978.0,3.05,-2.23,-0.19,2.02
541,2013-08-08,8.39,8.45,8.82,8.31,19233,16396493.0,6.12,1.44,0.12,2.42
542,2013-08-09,8.48,8.52,8.56,8.34,14439,12228322.0,2.6,0.83,0.07,1.81
543,2013-08-12,8.56,8.69,8.77,8.5,25803,22256500.0,3.17,2.0,0.17,3.24
544,2013-08-13,8.71,8.67,8.87,8.62,16944,14691692.0,2.88,-0.23,-0.02,2.13
545,2013-08-14,8.65,8.84,8.99,8.61,34588,30470888.0,4.38,1.96,0.17,4.35
546,2013-08-15,8.77,8.62,8.82,8.62,19170,16663829.0,2.26,-2.49,-0.22,2.41
547,2013-08-16,8.56,8.31,8.78,8.3,23718,20314441.0,5.57,-3.6,-0.31,2.98
548,2013-08-19,8.26,8.49,8.56,8.2,22182,18622511.0,4.33,2.17,0.18,2.79
549,2013-08-20,8.49,8.4,8.49,8.35,17400,14677454.0,1.65,-1.06,-0.09,2.19
550,2013-08-21,8.38,8.71,8.74,8.36,27110,23165814.0,4.52,3.69,0.31,3.41
551,2013-08-22,8.8,8.71,8.98,8.67,34218,30246782.0,3.56,0.0,0.0,4.3
552,2013-08-23,8.67,8.54,8.75,8.31,21523,18488251.0,5.05,-1.95,-0.17,2.7
553,2013-08-26,8.52,8.65,8.67,8.46,18285,15713580.0,2.46,1.29,0.11,2.3
554,2013-08-27,8.68,8.7,8.71,8.55,17082,14723524.0,1.85,0.58,0.05,2.15
555,2013-08-28,8.62,8.46,8.63,8.46,22574,19267394.0,1.95,-2.76,-0.24,2.84
556,2013-08-29,8.46,8.36,8.52,8.31,14930,12536905.0,2.48,-1.18,-0.1,1.88
557,2013-08-30,8.35,8.01,8.4,7.98,25380,20820417.0,5.02,-4.19,-0.35,3.19
558,2013-09-02,8.01,8.11,8.11,7.99,12363,9961253.0,1.5,1.25,0.1,1.55
559,2013-09-03,8.1,8.27,8.35,8.07,11479,9458655.0,3.45,1.97,0.16,1.44
560,2013-09-04,8.26,8.32,8.33,8.14,15261,12551861.0,2.3,0.6,0.05,1.92
561,2013-09-05,8.31,8.3,8.4,8.25,14632,12194764.0,1.8,-0.24,-0.02,1.84
562,2013-09-06,8.31,8.3,8.37,8.22,12326,10228270.0,1.81,0.0,0.0,1.55
563,2013-09-09,8.31,8.4,8.48,8.25,17437,14586041.0,2.77,1.2,0.1,2.19
564,2013-09-10,8.43,8.4,8.43,8.31,17037,14226136.0,1.43,0.0,0.0,2.14
565,2013-09-11,8.39,8.62,8.62,8.34,37014,31448533.0,3.33,2.62,0.22,4.65
566,2013-09-12,8.56,8.55,8.69,8.49,20087,17216422.0,2.32,-0.81,-0.07,2.52
567,2013-09-13,8.54,8.57,8.61,8.47,12455,10654353.0,1.64,0.23,0.02,1.56
568,2013-09-16,8.57,8.49,8.61,8.46,13052,11130847.0,1.75,-0.93,-0.08,1.64
569,2013-09-17,8.51,8.23,8.51,8.23,16069,13377811.0,3.3,-3.06,-0.26,2.02
570,2013-09-18,8.2,8.28,8.36,8.2,8160,6742033.0,1.94,0.61,0.05,1.03
571,2013-09-23,8.3,8.42,8.44,8.27,9282,7765725.0,2.05,1.69,0.14,1.17
572,2013-09-24,8.43,8.34,8.46,8.29,11932,9972517.0,2.02,-0.95,-0.08,1.5
573,2013-09-25,8.31,8.44,8.56,8.31,20986,17749414.0,3.0,1.2,0.1,2.64
574,2013-09-26,8.45,8.39,8.56,8.34,17258,14628929.0,2.61,-0.59,-0.05,2.17
575,2013-09-27,8.37,8.25,8.44,8.23,12981,10777889.0,2.5,-1.67,-0.14,1.63
576,2013-09-30,8.29,8.32,8.35,8.27,6689,5550821.0,0.97,0.85,0.07,0.84
577,2013-10-08,8.35,8.47,8.49,8.33,11053,9319753.0,1.92,1.8,0.15,1.39
578,2013-10-09,8.48,8.61,8.62,8.42,16456,14032911.0,2.36,1.65,0.14,2.07
579,2013-10-10,8.59,8.48,8.61,8.44,12603,10748608.0,1.97,-1.51,-0.13,1.58
580,2013-10-11,8.45,8.7,8.73,8.45,22097,19040755.0,3.3,2.59,0.22,2.78
581,2013-10-14,8.72,8.82,8.82,8.6,24134,21026788.0,2.53,1.38,0.12,3.03
582,2013-10-15,8.77,8.73,8.9,8.68,43243,37943922.0,2.49,-1.02,-0.09,5.43
583,2013-10-16,8.74,8.6,8.75,8.48,37641,32530525.0,3.09,-1.49,-0.13,4.73
584,2013-10-17,8.59,8.83,9.14,8.57,67339,59703949.0,6.63,2.67,0.23,8.46
585,2013-10-18,8.9,8.76,8.95,8.73,25989,22895895.0,2.49,-0.79,-0.07,3.26
586,2013-10-21,8.73,8.96,8.96,8.68,25865,22846989.0,3.2,2.28,0.2,3.25
587,2013-10-22,8.93,8.94,9.04,8.81,30272,27028573.0,2.57,-0.22,-0.02,3.8
588,2013-10-23,8.93,8.61,8.93,8.56,28427,24770326.0,4.14,-3.69,-0.33,3.57
589,2013-10-24,8.57,8.5,8.65,8.48,12616,10773486.0,1.97,-1.28,-0.11,1.58
590,2013-10-25,8.55,8.2,8.57,8.16,19737,16417713.0,4.82,-3.53,-0.3,2.48
591,2013-10-28,8.23,8.12,8.25,8.01,13203,10699805.0,2.93,-0.98,-0.08,1.66
592,2013-10-29,8.14,7.8,8.18,7.68,19526,15417921.0,6.16,-3.94,-0.32,2.45
593,2013-10-30,7.77,7.89,7.91,7.72,9737,7627219.0,2.44,1.15,0.09,1.22
594,2013-10-31,7.88,7.84,7.94,7.78,9722,7621186.0,2.03,-0.63,-0.05,1.22
595,2013-11-01,7.8,7.9,7.92,7.75,7862,6179256.0,2.17,0.77,0.06,0.99
596,2013-11-04,7.9,7.96,7.98,7.88,7655,6062525.0,1.27,0.76,0.06,0.96
597,2013-11-05,7.98,8.03,8.07,7.88,12314,9838012.0,2.39,0.88,0.07,1.55
598,2013-11-06,8.01,7.95,8.12,7.95,11299,9059839.0,2.12,-1.0,-0.08,1.42
599,2013-11-07,7.95,7.78,8.02,7.76,13047,10263917.0,3.27,-2.14,-0.17,1.64
600,2013-11-08,7.72,7.72,7.93,7.61,10890,8429087.0,4.11,-0.77,-0.06,1.37
601,2013-11-11,7.72,7.86,7.92,7.72,9362,7321857.0,2.59,1.81,0.14,1.18
602,2013-11-12,7.86,7.95,7.97,7.83,12329,9771858.0,1.78,1.15,0.09,1.55
603,2013-11-13,7.93,7.84,8.06,7.84,11145,8870275.0,2.77,-1.38,-0.11,1.4
604,2013-11-14,7.84,8.09,8.29,7.81,23302,18850280.0,6.12,3.19,0.25,2.93
605,2013-11-15,8.09,8.36,8.6,8.09,29566,24791940.0,6.3,3.34,0.27,3.71
606,2013-11-18,8.45,8.5,8.52,8.35,28213,23830208.0,2.03,1.67,0.14,3.54
607,2013-11-19,8.49,8.41,8.49,8.37,16637,14019709.0,1.41,-1.06,-0.09,2.09
608,2013-11-20,8.43,8.52,8.52,8.35,17388,14669555.0,2.02,1.31,0.11,2.18
609,2013-11-21,8.48,8.57,8.69,8.41,23326,19962937.0,3.29,0.59,0.05,2.93
610,2013-11-22,8.61,8.57,8.82,8.56,28967,25182522.0,3.03,0.0,0.0,3.64
611,2013-11-25,8.55,8.5,8.59,8.43,12837,10921339.0,1.87,-0.82,-0.07,1.61
612,2013-11-26,8.5,8.68,8.76,8.45,20989,18121556.0,3.65,2.12,0.18,2.64
613,2013-11-27,8.68,8.95,9.02,8.6,46961,41479127.0,4.84,3.11,0.27,5.9
614,2013-11-28,8.94,8.85,9.03,8.83,37406,33322340.0,2.23,-1.12,-0.1,4.7
615,2013-11-29,8.88,9.07,9.15,8.79,43957,39686859.0,4.07,2.49,0.22,5.52
616,2013-12-02,8.68,8.26,8.8,8.17,42928,36346465.0,6.95,-8.93,-0.81,5.39
617,2013-12-03,8.21,8.39,8.42,8.0,26858,22088125.0,5.08,1.57,0.13,3.37
618,2013-12-04,8.39,8.44,8.55,8.29,24359,20677084.0,3.1,0.6,0.05,3.06
619,2013-12-05,8.44,8.52,8.76,8.38,21537,18467412.0,4.5,0.95,0.08,2.71
620,2013-12-06,8.55,8.54,8.69,8.52,12082,10358715.0,2.0,0.23,0.02,1.52
621,2013-12-09,8.55,8.82,8.86,8.51,23344,20462638.0,4.1,3.28,0.28,2.93
622,2013-12-10,8.83,8.94,9.1,8.67,31034,27652985.0,4.88,1.36,0.12,3.9
623,2013-12-11,8.88,8.88,8.98,8.74,25690,22705985.0,2.68,-0.67,-0.06,3.23
624,2013-12-12,8.83,8.97,9.1,8.82,31556,28275709.0,3.15,1.01,0.09,3.96
625,2013-12-13,8.91,8.96,9.01,8.82,25923,23099912.0,2.12,-0.11,-0.01,3.26
626,2013-12-16,8.95,9.19,9.19,8.85,42320,38266291.0,3.79,2.57,0.23,5.32
627,2013-12-17,9.18,8.99,9.36,8.96,42709,39221959.0,4.35,-2.18,-0.2,5.37
628,2013-12-18,8.96,9.3,9.3,8.75,58346,52882573.0,6.12,3.45,0.31,7.33
629,2013-12-19,9.31,8.9,9.31,8.9,38137,34735467.0,4.41,-4.3,-0.4,4.79
630,2013-12-20,8.89,8.55,8.89,8.55,25023,21818111.0,3.82,-3.93,-0.35,3.14
631,2013-12-23,8.55,8.53,8.63,8.34,16459,13961818.0,3.39,-0.23,-0.02,2.07
632,2013-12-24,8.56,8.63,8.71,8.5,15017,12964661.0,2.46,1.17,0.1,1.89
633,2013-12-25,8.63,8.9,8.93,8.58,22510,19824219.0,4.06,3.13,0.27,2.83
634,2013-12-26,8.91,8.66,8.94,8.66,21267,18743479.0,3.15,-2.7,-0.24,2.67
635,2013-12-27,8.64,9.08,9.27,8.63,47669,43173952.0,7.39,4.85,0.42,5.99
636,2013-12-30,9.07,9.25,9.35,9.0,47470,43633540.0,3.85,1.87,0.17,5.96
637,2013-12-31,9.22,9.13,9.24,9.02,26801,24385074.0,2.38,-1.3,-0.12,3.39
638,2014-01-02,9.11,9.23,9.33,9.04,33058,30480138.0,3.18,1.1,0.1,4.18
639,2014-01-03,9.15,9.25,9.28,9.07,28723,26330508.0,2.28,0.22,0.02,3.63
640,2014-01-06,9.23,8.81,9.23,8.75,28627,25664006.0,5.19,-4.76,-0.44,3.62
641,2014-01-07,8.8,9.5,9.69,8.66,92104,86123625.0,11.69,7.83,0.69,11.64
642,2014-01-08,9.47,9.57,9.75,9.4,91553,87362223.0,3.68,0.74,0.07,11.57
643,2014-01-09,9.55,9.24,9.72,9.21,67219,63906719.0,5.33,-3.45,-0.33,8.5
644,2014-01-10,9.21,9.79,9.8,9.05,81709,77456068.0,8.12,5.95,0.55,10.33
645,2014-01-13,9.76,9.78,9.95,9.57,66624,64821293.0,3.88,-0.1,-0.01,8.42
646,2014-01-14,9.7,9.88,9.88,9.51,58721,57080454.0,3.78,1.02,0.1,7.42
647,2014-01-15,9.8,9.69,9.92,9.58,58663,56929284.0,3.44,-1.92,-0.19,7.41
648,2014-01-16,9.69,9.6,9.75,9.53,43066,41404099.0,2.27,-0.93,-0.09,5.44
649,2014-01-17,9.59,9.59,9.7,9.4,37357,35608782.0,3.13,-0.1,-0.01,4.72
650,2014-01-20,9.57,9.24,9.6,9.22,39068,36697781.0,3.96,-3.65,-0.35,4.94
651,2014-01-21,9.25,9.47,9.47,9.2,29286,27396320.0,2.92,2.49,0.23,3.7
652,2014-01-22,9.47,9.52,9.6,9.4,36024,34282436.0,2.11,0.53,0.05,4.55
653,2014-01-23,9.53,9.61,9.77,9.51,46178,44655952.0,2.73,0.95,0.09,5.84
654,2014-01-24,9.57,9.71,9.74,9.51,43654,42227702.0,2.39,1.04,0.1,5.52
655,2014-01-27,9.65,9.4,9.68,9.38,42418,40216241.0,3.09,-3.19,-0.31,5.36
656,2014-01-28,9.41,9.21,9.48,9.08,28269,26159320.0,4.26,-2.02,-0.19,3.57
657,2014-01-29,9.24,9.37,9.43,9.2,19955,18540589.0,2.5,1.74,0.16,2.52
658,2014-01-30,9.4,9.15,9.4,9.1,21635,19921553.0,3.2,-2.35,-0.22,2.73
659,2014-02-07,9.02,9.31,9.34,8.97,20701,19078230.0,4.04,1.75,0.16,2.62
660,2014-02-10,9.3,9.58,9.61,9.3,39639,37591007.0,3.33,2.9,0.27,5.01
661,2014-02-11,9.6,9.56,9.63,9.36,44825,42709370.0,2.82,-0.21,-0.02,5.67
662,2014-02-12,9.54,9.76,9.78,9.5,49766,48091023.0,2.93,2.09,0.2,6.29
663,2014-02-13,9.74,9.39,9.74,9.39,42718,41005131.0,3.59,-3.79,-0.37,5.4
664,2014-02-14,9.32,9.75,9.75,9.32,43081,41194651.0,4.58,3.83,0.36,5.44
665,2014-02-17,9.74,9.93,10.05,9.71,65620,64876870.0,3.49,1.85,0.18,8.29
666,2014-02-18,9.91,10.06,10.2,9.8,64544,64453586.0,4.03,1.31,0.13,8.16
667,2014-02-19,10.0,10.13,10.13,9.8,48032,47944998.0,3.28,0.7,0.07,6.07
668,2014-02-20,10.19,9.77,10.19,9.77,36007,35741470.0,4.15,-3.55,-0.36,4.55
669,2014-02-21,9.77,9.68,9.87,9.53,26038,25260409.0,3.48,-0.92,-0.09,3.29
670,2014-02-24,9.66,10.0,10.04,9.58,31191,30674375.0,4.75,3.31,0.32,3.94
671,2014-02-25,9.97,9.15,10.09,9.0,47731,45916029.0,10.9,-8.5,-0.85,6.03
672,2014-02-26,9.1,9.23,9.26,8.91,27682,25219833.0,3.83,0.87,0.08,3.5
673,2014-02-27,9.25,9.06,9.43,9.04,22788,21003101.0,4.23,-1.84,-0.17,2.88
674,2014-02-28,9.0,9.13,9.2,8.82,16108,14532473.0,4.19,0.77,0.07,2.04
675,2014-03-03,9.05,9.34,9.38,9.05,17068,15854025.0,3.61,2.3,0.21,2.16
676,2014-03-04,9.37,9.28,9.41,9.17,13810,12827734.0,2.57,-0.64,-0.06,1.75
677,2014-03-05,9.3,9.25,9.39,9.18,12715,11822686.0,2.26,-0.32,-0.03,1.61
678,2014-03-06,9.23,9.16,9.25,9.01,12821,11703294.0,2.59,-0.97,-0.09,1.62
679,2014-03-07,9.18,9.2,9.34,9.13,13003,12047682.0,2.29,0.44,0.04,1.64
680,2014-03-10,9.14,9.0,9.14,8.88,21158,19050478.0,2.83,-2.17,-0.2,2.67
681,2014-03-11,9.03,9.12,9.2,9.0,11904,10821431.0,2.22,1.33,0.12,1.5
682,2014-03-12,9.16,9.23,9.29,9.03,13523,12418395.0,2.85,1.21,0.11,1.71
683,2014-03-13,9.24,9.31,9.37,9.2,12717,11806119.0,1.84,0.87,0.08,1.61
684,2014-03-14,9.31,9.19,9.38,9.15,11225,10374580.0,2.47,-1.29,-0.12,1.42
685,2014-03-17,9.29,9.36,9.37,9.17,21594,20131070.0,2.18,1.85,0.17,2.73
686,2014-03-18,9.36,9.43,9.5,9.34,20795,19600054.0,1.71,0.75,0.07,2.63
687,2014-03-19,9.4,9.44,9.44,9.26,18426,17206819.0,1.91,0.11,0.01,2.33
688,2014-03-20,9.4,9.25,9.55,9.23,20419,19113491.0,3.39,-2.01,-0.19,2.58
689,2014-03-21,9.18,9.26,9.29,9.02,18849,17295046.0,2.92,0.11,0.01,2.38
690,2014-03-24,9.3,9.21,9.3,9.16,15081,13927235.0,1.51,-0.54,-0.05,1.91
691,2014-03-25,9.21,9.17,9.31,9.13,16182,14904809.0,1.95,-0.43,-0.04,2.05
692,2014-03-26,9.2,9.16,9.24,9.1,16374,15014579.0,1.53,-0.11,-0.01,2.07
693,2014-03-27,9.17,8.8,9.19,8.8,28622,25665283.0,4.26,-3.93,-0.36,3.62
694,2014-03-28,8.74,8.58,8.86,8.53,20983,18197517.0,3.75,-2.5,-0.22,2.65
695,2014-03-31,8.6,8.56,8.68,8.44,10530,9028235.0,2.8,-0.23,-0.02,1.33
696,2014-04-01,8.51,8.7,8.72,8.51,8269,7159148.0,2.45,1.64,0.14,1.05
697,2014-04-02,8.74,8.65,8.77,8.62,8802,7648371.0,1.72,-0.57,-0.05,1.11
698,2014-04-03,8.61,8.67,8.72,8.61,6337,5492053.0,1.27,0.23,0.02,0.8
699,2014-04-04,8.68,8.71,8.76,8.61,7493,6529952.0,1.73,0.46,0.04,0.95
700,2014-04-08,8.72,8.75,8.77,8.64,8895,7754573.0,1.49,0.46,0.04,1.12
701,2014-04-09,8.75,8.84,8.87,8.75,9020,7957800.0,1.37,1.03,0.09,1.14
702,2014-04-10,8.84,8.81,8.87,8.7,26999,23730589.0,1.92,-0.34,-0.03,3.41
703,2014-04-11,8.77,8.74,8.79,8.67,13134,11461784.0,1.36,-0.79,-0.07,1.66
704,2014-04-14,8.73,8.79,8.8,8.68,12033,10511720.0,1.37,0.57,0.05,1.52
705,2014-04-15,8.75,8.65,8.79,8.63,11846,10323824.0,1.82,-1.59,-0.14,1.5
706,2014-04-16,8.65,9.52,9.52,8.58,38512,35962588.0,10.87,10.06,0.87,4.87
707,2014-04-17,9.51,9.57,9.97,9.37,140510,136172037.0,6.3,0.53,0.05,17.76
708,2014-04-18,9.45,9.37,9.54,9.32,51517,48446369.0,2.3,-2.09,-0.2,6.51
709,2014-04-21,9.33,9.27,9.48,9.27,35538,33304553.0,2.24,-1.07,-0.1,4.49
710,2014-04-22,9.2,9.13,9.27,8.97,33563,30556127.0,3.24,-1.51,-0.14,4.24
711,2014-04-23,9.12,9.13,9.29,9.11,18678,17151050.0,1.97,0.0,0.0,2.36
712,2014-04-24,9.15,9.04,9.16,8.99,16786,15245573.0,1.86,-0.99,-0.09,2.12
713,2014-04-25,9.04,9.05,9.18,9.0,16257,14756669.0,1.99,0.11,0.01,2.05
714,2014-04-28,8.99,8.53,9.0,8.52,29688,25826239.0,5.3,-5.75,-0.52,3.75
715,2014-04-29,8.54,8.68,8.7,8.5,14533,12489436.0,2.34,1.76,0.15,1.84
716,2014-04-30,8.75,8.83,8.87,8.69,14884,13095086.0,2.07,1.73,0.15,1.88
717,2014-05-05,8.76,8.88,8.93,8.69,13863,12192033.0,2.72,0.57,0.05,1.75
718,2014-05-06,8.86,9.15,9.17,8.82,28740,25959539.0,3.94,3.04,0.27,3.63
719,2014-05-07,9.07,9.3,9.39,8.96,40275,37030732.0,4.7,1.64,0.15,5.09
720,2014-05-08,10.03,9.87,10.03,9.58,121941,119246840.0,4.84,6.13,0.57,15.32
721,2014-05-09,9.7,9.2,9.71,9.15,74610,70274228.0,5.67,-6.79,-0.67,9.37
722,2014-05-12,9.25,9.42,9.5,9.21,45962,43077094.0,3.15,2.39,0.22,3.22
723,2014-05-13,9.38,9.23,9.46,9.08,32292,30065957.0,4.03,-2.02,-0.19,2.26
724,2014-05-14,9.25,9.3,9.36,9.23,22588,21023512.0,1.41,0.76,0.07,1.58
725,2014-05-15,9.35,9.27,9.53,9.27,32917,30966699.0,2.8,-0.32,-0.03,2.3
726,2014-05-16,9.24,9.22,9.29,9.06,21068,19319358.0,2.48,-0.54,-0.05,1.48
727,2014-05-19,9.23,9.4,9.42,9.13,19258,17915405.0,3.15,1.95,0.18,1.35
728,2014-05-20,9.4,9.4,9.57,9.36,22679,21413012.0,2.23,0.0,0.0,1.59
729,2014-05-21,9.34,9.43,9.43,9.21,18688,17441317.0,2.34,0.32,0.03,1.31
730,2014-05-22,9.4,9.39,9.48,9.33,24454,23045831.0,1.59,-0.42,-0.04,1.71
731,2014-05-23,9.4,9.44,9.48,9.26,18025,16898116.0,2.34,0.53,0.05,1.26
732,2014-05-26,9.41,9.49,9.55,9.41,25977,24611564.0,1.48,0.53,0.05,1.82
733,2014-05-27,9.53,9.44,9.58,9.4,19450,18459986.0,1.9,-0.53,-0.05,1.36
734,2014-05-28,9.41,9.5,9.51,9.36,22429,21183660.0,1.59,0.64,0.06,1.57
735,2014-05-29,9.5,9.25,9.51,9.25,19889,18638563.0,2.74,-2.63,-0.25,1.39
736,2014-05-30,9.27,9.34,9.37,9.21,8668,8059651.0,1.73,0.97,0.09,0.61
737,2014-06-03,9.38,9.32,9.41,9.31,8995,8428613.0,1.07,-0.21,-0.02,0.63
738,2014-06-04,9.33,9.21,9.36,9.17,13063,12081213.0,2.04,-1.18,-0.11,0.91
739,2014-06-05,9.22,9.5,9.52,9.22,25936,24403324.0,3.26,3.15,0.29,1.82
740,2014-06-06,9.5,9.49,9.59,9.39,29690,28174940.0,2.11,-0.11,-0.01,2.08
741,2014-06-09,9.47,9.45,9.5,9.37,17275,16316214.0,1.37,-0.42,-0.04,1.21
742,2014-06-10,9.44,9.54,9.57,9.4,35523,33761549.0,1.8,0.95,0.09,2.64
743,2014-06-11,9.73,9.73,9.95,9.6,74769,72896067.0,3.67,1.99,0.19,5.57
744,2014-06-12,9.66,9.79,9.84,9.66,39536,38616996.0,1.85,0.62,0.06,2.94
745,2014-06-13,9.75,9.89,9.95,9.7,43841,43289344.0,2.55,1.02,0.1,3.26
746,2014-06-16,9.96,9.99,10.07,9.8,71073,70588745.0,2.73,1.01,0.1,5.29
747,2014-06-17,10.01,9.76,10.01,9.73,50284,49554826.0,2.8,-2.3,-0.23,3.74
748,2014-06-18,4.89,4.73,4.91,4.7,61435,29422088.0,2.15,-51.54,-5.03,2.29
749,2014-06-19,4.72,4.8,4.89,4.65,114839,55094446.0,5.07,1.48,0.07,4.27
750,2014-06-20,4.77,4.75,4.8,4.68,49266,23365583.0,2.5,-1.04,-0.05,1.83
751,2014-06-23,4.77,4.93,4.98,4.75,98830,48142583.0,4.84,3.79,0.18,3.68
752,2014-06-24,4.91,4.92,5.02,4.87,75816,37302807.0,3.04,-0.2,-0.01,2.82
753,2014-06-25,4.93,4.86,4.93,4.8,62532,30264167.0,2.64,-1.22,-0.06,2.33
754,2014-06-26,4.86,4.91,4.95,4.86,64870,31818351.0,1.85,1.03,0.05,2.41
755,2014-06-27,4.9,4.94,4.97,4.83,109459,53691552.0,2.85,0.61,0.03,4.07
756,2014-06-30,4.93,4.99,4.99,4.85,95586,47138384.0,2.83,1.01,0.05,3.56
757,2014-07-01,4.97,4.96,5.08,4.93,116910,58358265.0,3.01,-0.6,-0.03,4.35
758,2014-07-02,4.95,5.02,5.03,4.92,99476,49550802.0,2.22,1.21,0.06,3.7
759,2014-07-03,5.0,5.01,5.03,4.97,84082,42091386.0,1.2,-0.2,-0.01,3.13
760,2014-07-04,5.01,5.03,5.03,4.98,70101,35114729.0,1.0,0.4,0.02,2.61
761,2014-07-07,5.03,5.23,5.53,4.96,365854,193784771.0,11.33,3.98,0.2,13.62
762,2014-07-08,5.15,5.28,5.34,5.11,218639,114118040.0,4.4,0.96,0.05,8.14
763,2014-07-09,5.22,5.1,5.3,5.07,123733,64294778.0,4.36,-3.41,-0.18,4.61
764,2014-07-10,5.12,5.14,5.2,5.09,74015,38038460.0,2.16,0.78,0.04,2.75
765,2014-07-11,5.17,5.17,5.18,5.09,69647,35762520.0,1.75,0.58,0.03,2.59
766,2014-07-14,5.15,5.18,5.21,5.11,65153,33644702.0,1.93,0.19,0.01,2.43
767,2014-07-15,5.15,5.06,5.15,5.01,99832,50510568.0,2.7,-2.32,-0.12,3.72
768,2014-07-16,5.03,4.95,5.07,4.93,72828,36328596.0,2.77,-2.17,-0.11,2.71
769,2014-07-17,4.94,4.97,4.98,4.93,40002,19813224.0,1.01,0.4,0.02,1.49
770,2014-07-18,4.94,4.95,4.98,4.89,31950,15821746.0,1.81,-0.4,-0.02,1.19
771,2014-07-21,4.94,4.89,4.97,4.88,42130,20685453.0,1.82,-1.21,-0.06,1.57
772,2014-07-22,4.87,4.92,4.94,4.85,50222,24627531.0,1.84,0.61,0.03,1.87
773,2014-07-23,4.91,4.79,4.96,4.78,60888,29667483.0,3.66,-2.64,-0.13,2.27
774,2014-07-24,4.81,4.84,4.84,4.74,41465,19913374.0,2.09,1.04,0.05,1.54
775,2014-07-25,4.83,4.89,4.93,4.81,43775,21349801.0,2.48,1.03,0.05,1.63
776,2014-07-28,4.9,4.96,5.0,4.9,79867,39561501.0,2.04,1.43,0.07,2.97
777,2014-07-29,4.97,5.0,5.03,4.94,61304,30611405.0,1.81,0.81,0.04,2.28
778,2014-07-30,5.01,5.02,5.07,4.97,66349,33285348.0,2.0,0.4,0.02,2.47
779,2014-07-31,5.01,5.11,5.14,4.99,78883,39788054.0,2.99,1.79,0.09,2.94
780,2014-08-01,5.07,5.02,5.11,5.0,83164,42090279.0,2.15,-1.76,-0.09,3.1
781,2014-08-04,5.0,5.1,5.12,5.0,81667,41358224.0,2.39,1.59,0.08,3.04
782,2014-08-05,5.11,5.15,5.17,5.06,98787,50546471.0,2.16,0.98,0.05,3.68
783,2014-08-06,5.14,5.14,5.19,5.08,92026,47383011.0,2.14,-0.19,-0.01,3.43
784,2014-08-07,5.16,5.11,5.22,5.09,89379,46077332.0,2.53,-0.58,-0.03,3.33
785,2014-08-08,5.12,5.19,5.21,5.1,100780,52076592.0,2.15,1.57,0.08,3.75
786,2014-08-11,5.21,5.26,5.28,5.18,89410,46885327.0,1.93,1.35,0.07,3.33
787,2014-08-12,5.27,5.24,5.29,5.19,135043,70793148.0,1.9,-0.38,-0.02,5.03
788,2014-08-13,5.24,5.3,5.32,5.12,138074,71923256.0,3.82,1.15,0.06,5.14
789,2014-08-14,5.27,5.23,5.39,5.2,166379,88080023.0,3.58,-1.32,-0.07,6.19
790,2014-08-15,5.19,5.31,5.33,5.19,103179,54443277.0,2.68,1.53,0.08,3.84
791,2014-08-18,5.33,5.41,5.44,5.31,133315,71708049.0,2.45,1.88,0.1,4.96
792,2014-08-19,5.4,5.41,5.46,5.35,114944,62146632.0,2.03,0.0,0.0,4.28
793,2014-08-20,5.41,5.49,5.5,5.37,150564,82144647.0,2.4,1.48,0.08,5.6
794,2014-08-21,5.47,5.62,5.79,5.47,270447,152032121.0,5.83,2.37,0.13,10.07
795,2014-08-22,5.61,5.6,5.65,5.51,138224,77005002.0,2.49,-0.36,-0.02,5.14
796,2014-08-25,5.58,5.48,5.64,5.47,102024,56443722.0,3.04,-2.14,-0.12,3.8
797,2014-08-26,5.45,5.32,5.53,5.28,109779,59253145.0,4.56,-2.92,-0.16,4.09
798,2014-08-27,5.32,5.47,5.54,5.3,107626,58621083.0,4.51,2.82,0.15,4.01
799,2014-08-28,5.54,5.46,5.63,5.4,129982,71663230.0,4.2,-0.18,-0.01,4.84
800,2014-08-29,5.44,5.5,5.5,5.37,73660,40018632.0,2.38,0.73,0.04,2.74
801,2014-09-01,5.5,5.6,5.62,5.46,87678,48799076.0,2.91,1.82,0.1,3.26
802,2014-09-02,5.63,5.64,5.68,5.57,131302,73893189.0,1.96,0.71,0.04,4.89
803,2014-09-03,5.63,5.67,5.7,5.6,139704,78949219.0,1.77,0.53,0.03,5.2
804,2014-09-04,5.67,5.73,5.75,5.6,142566,81013673.0,2.65,1.06,0.06,5.31
805,2014-09-05,5.73,5.83,5.92,5.64,196148,113404912.0,4.89,1.75,0.1,7.3
806,2014-09-09,5.82,6.18,6.35,5.8,337492,206546532.0,9.43,6.0,0.35,12.56
807,2014-09-10,6.1,6.24,6.3,6.06,174331,108131523.0,3.88,0.97,0.06,6.49
808,2014-09-11,6.25,6.29,6.59,6.21,206409,131722938.0,6.09,0.8,0.05,7.68
809,2014-09-12,6.32,6.29,6.32,6.17,126666,79209829.0,2.38,0.0,0.0,4.71
810,2014-09-15,6.25,6.42,6.49,6.22,133860,84962832.0,4.29,2.07,0.13,4.98
811,2014-09-16,6.42,6.1,6.6,6.1,222603,140332418.0,7.79,-4.98,-0.32,8.29
812,2014-09-17,6.1,6.2,6.34,6.03,116552,71845929.0,5.08,1.64,0.1,4.34
813,2014-09-18,6.16,6.23,6.26,6.14,87392,54158936.0,1.94,0.48,0.03,3.25
814,2014-09-19,6.24,6.24,6.28,6.16,70064,43651985.0,1.93,0.16,0.01,2.61
815,2014-09-22,6.2,6.1,6.2,6.06,91610,56086282.0,2.24,-2.24,-0.14,3.41
816,2014-09-23,6.1,6.16,6.19,6.09,54092,33235094.0,1.64,0.98,0.06,2.01
817,2014-09-24,6.15,6.3,6.32,6.13,92417,57868615.0,3.08,2.27,0.14,3.44
818,2014-09-25,6.32,6.32,6.46,6.29,116510,74267676.0,2.7,0.32,0.02,4.34
819,2014-09-26,6.32,6.32,6.38,6.25,96152,60679742.0,2.06,0.0,0.0,3.58
820,2014-09-29,6.32,6.54,6.55,6.3,132076,84826179.0,3.96,3.48,0.22,4.92
821,2014-09-30,6.51,6.82,6.95,6.47,216096,145160415.0,7.34,4.28,0.28,8.04
822,2014-10-08,6.84,6.88,6.94,6.69,119040,81140833.0,3.67,0.88,0.06,4.43
823,2014-10-09,6.81,6.84,6.91,6.69,113567,77193014.0,3.2,-0.58,-0.04,4.23
824,2014-10-10,6.88,6.92,7.05,6.79,131041,90675538.0,3.8,1.17,0.08,4.88
825,2014-10-13,6.88,6.79,6.89,6.63,108360,72978129.0,3.76,-1.88,-0.13,4.03
826,2014-10-14,6.76,6.73,6.87,6.67,95064,64283988.0,2.95,-0.88,-0.06,3.54
827,2014-10-15,6.71,6.71,6.74,6.55,98664,65632385.0,2.82,-0.3,-0.02,3.67
828,2014-10-16,6.64,6.55,6.72,6.55,99508,66072655.0,2.53,-2.38,-0.16,3.7
829,2014-10-17,6.54,6.27,6.58,6.08,146154,92409663.0,7.63,-4.27,-0.28,5.44
830,2014-10-20,6.27,6.38,6.41,6.27,60838,38631564.0,2.23,1.75,0.11,2.26
831,2014-10-21,6.38,6.33,6.45,6.31,65028,41436354.0,2.19,-0.78,-0.05,2.42
832,2014-10-22,6.32,6.15,6.37,6.15,61663,38705671.0,3.48,-2.84,-0.18,2.3
833,2014-10-23,6.12,5.97,6.15,5.92,88265,53102309.0,3.74,-2.93,-0.18,3.29
834,2014-10-24,5.98,6.0,6.05,5.96,35305,21210100.0,1.51,0.5,0.03,1.31
835,2014-10-27,5.99,6.08,6.09,5.93,43926,26518229.0,2.67,1.33,0.08,1.64
836,2014-10-28,6.09,6.29,6.31,6.09,86700,53863044.0,3.62,3.45,0.21,3.23
837,2014-10-29,6.32,6.36,6.39,6.29,84729,53769562.0,1.59,1.11,0.07,3.15
838,2014-10-30,6.33,6.38,6.43,6.32,69646,44369987.0,1.73,0.31,0.02,2.59
839,2014-10-31,6.35,6.29,6.43,6.2,93428,58627859.0,3.61,-1.41,-0.09,3.48
840,2014-11-03,6.28,6.35,6.35,6.25,77451,48884668.0,1.59,0.95,0.06,2.88
841,2014-11-04,6.35,6.32,6.37,6.29,63649,40287050.0,1.26,-0.47,-0.03,2.37
842,2014-11-05,6.3,6.33,6.36,6.23,62835,39559813.0,2.06,0.16,0.01,2.34
843,2014-11-06,6.33,6.37,6.38,6.26,58136,36740327.0,1.9,0.63,0.04,2.16
844,2014-11-07,6.37,6.29,6.48,6.27,102490,65588715.0,3.3,-1.26,-0.08,3.81
845,2014-11-10,6.28,6.31,6.32,6.23,50505,31714949.0,1.43,0.32,0.02,1.88
846,2014-11-11,6.3,5.96,6.33,5.88,97122,59097839.0,7.13,-5.55,-0.35,3.62
847,2014-11-12,5.94,6.06,6.06,5.89,47716,28653369.0,2.85,1.68,0.1,1.78
848,2014-11-13,6.07,5.93,6.07,5.88,57809,34319576.0,3.14,-2.15,-0.13,2.15
849,2014-11-14,5.88,5.92,5.94,5.83,35722,21110572.0,1.85,-0.17,-0.01,1.33
850,2014-11-17,5.98,6.03,6.08,5.91,44197,26557413.0,2.87,1.86,0.11,1.65
851,2014-11-18,6.03,6.06,6.09,6.01,37056,22410323.0,1.33,0.5,0.03,1.38
852,2014-11-19,6.07,6.1,6.12,6.03,40556,24654878.0,1.49,0.66,0.04,1.51
853,2014-11-20,6.06,6.06,6.12,6.03,34066,20705487.0,1.48,-0.66,-0.04,1.27
854,2014-11-21,6.06,6.13,6.15,6.04,40088,24506477.0,1.82,1.16,0.07,1.49
855,2014-11-24,6.16,6.17,6.21,6.12,52074,32103222.0,1.47,0.65,0.04,1.94
856,2014-11-25,6.17,6.27,6.28,6.15,52374,32688279.0,2.11,1.62,0.1,1.95
857,2014-11-26,6.28,6.29,6.33,6.21,61651,38729017.0,1.91,0.32,0.02,2.29
858,2014-11-27,6.3,6.4,6.4,6.29,96802,61530941.0,1.75,1.75,0.11,3.6
859,2014-11-28,6.44,6.37,6.44,6.31,73837,47007673.0,2.03,-0.47,-0.03,2.75
860,2014-12-01,6.39,6.22,6.4,6.21,84915,53138060.0,2.98,-2.35,-0.15,3.16
861,2014-12-02,6.22,6.28,6.34,6.21,62115,39090103.0,2.09,0.96,0.06,2.31
862,2014-12-03,6.29,6.36,6.36,6.19,101376,63468620.0,2.71,1.27,0.08,3.77
863,2014-12-04,6.37,6.43,6.52,6.34,116650,75019595.0,2.83,1.1,0.07,4.34
864,2014-12-05,6.45,6.14,6.45,5.98,123392,76453068.0,7.31,-4.51,-0.29,4.59
865,2014-12-08,6.12,6.05,6.14,6.03,93295,56540101.0,1.79,-1.47,-0.09,3.47
866,2014-12-09,6.04,5.71,6.05,5.69,132277,77852201.0,5.95,-5.62,-0.34,4.92
867,2014-12-10,5.73,5.88,5.89,5.71,56013,32639859.0,3.15,2.98,0.17,2.08
868,2014-12-11,5.89,5.94,5.95,5.81,62899,37099877.0,2.38,1.02,0.06,2.34
869,2014-12-12,5.94,6.01,6.02,5.93,62254,37190542.0,1.52,1.18,0.07,2.32
870,2014-12-15,6.0,6.1,6.11,5.94,87157,52497057.0,2.83,1.5,0.09,3.24
871,2014-12-16,6.07,6.04,6.12,6.0,65009,39256359.0,1.97,-0.98,-0.06,2.42
872,2014-12-17,6.02,5.92,6.03,5.89,67241,39992665.0,2.32,-1.99,-0.12,2.5
873,2014-12-18,5.87,5.84,5.92,5.83,60206,35366774.0,1.52,-1.35,-0.08,2.24
874,2014-12-19,5.86,5.72,5.86,5.65,76920,44081884.0,3.6,-2.05,-0.12,2.86
875,2014-12-22,5.71,5.38,5.71,5.31,83302,45475967.0,6.99,-5.94,-0.34,3.1
876,2014-12-23,5.36,5.36,5.47,5.33,62165,33625204.0,2.6,-0.37,-0.02,2.31
877,2014-12-24,5.39,5.52,5.53,5.39,61586,33695891.0,2.61,2.99,0.16,2.29
878,2014-12-25,5.53,5.59,5.61,5.5,48563,26968926.0,1.99,1.27,0.07,1.81
879,2014-12-26,5.59,5.57,5.62,5.53,35253,19634199.0,1.61,-0.36,-0.02,1.31
880,2014-12-29,5.57,5.45,5.57,5.39,60486,33057173.0,3.23,-2.15,-0.12,2.25
881,2014-12-30,5.44,5.41,5.48,5.36,36730,19951846.0,2.2,-0.73,-0.04,1.37
882,2014-12-31,5.43,5.44,5.49,5.39,43996,23904974.0,1.85,0.55,0.03,1.53
883,2015-01-05,5.46,5.5,5.5,5.33,57402,31209003.0,3.13,1.1,0.06,2.0
884,2015-01-06,5.46,5.63,5.64,5.43,78063,43422450.0,3.82,2.36,0.13,2.72
885,2015-01-07,5.6,5.59,5.63,5.52,63942,35624905.0,1.95,-0.71,-0.04,2.23
886,2015-01-08,5.58,5.57,5.64,5.53,66393,37146248.0,1.97,-0.36,-0.02,2.32
887,2015-01-09,5.55,5.5,5.62,5.5,45603,25398692.0,2.15,-1.26,-0.07,1.59
888,2015-01-12,5.48,5.33,5.48,5.27,52923,28439208.0,3.82,-3.09,-0.17,1.85
889,2015-01-13,5.33,5.38,5.41,5.3,37973,20334941.0,2.06,0.94,0.05,1.32
890,2015-01-14,5.39,5.39,5.43,5.34,31596,17007760.0,1.67,0.19,0.01,1.1
891,2015-01-15,5.38,5.41,5.44,5.38,31868,17240719.0,1.11,0.37,0.02,1.11
892,2015-01-16,5.41,5.52,5.53,5.41,39992,21935848.0,2.22,2.03,0.11,1.39
893,2015-01-19,5.45,5.39,5.62,5.33,82745,45545385.0,5.25,-2.36,-0.13,2.89
894,2015-01-20,5.42,5.61,5.62,5.42,82541,45798294.0,3.71,4.08,0.22,2.88
895,2015-01-21,5.63,5.7,5.77,5.59,94069,53629027.0,3.21,1.6,0.09,3.28
896,2015-01-22,5.68,5.75,5.76,5.65,65212,37216861.0,1.93,0.88,0.05,2.27
897,2015-01-23,5.73,5.7,5.85,5.66,92063,52955033.0,3.3,-0.87,-0.05,3.21
898,2015-01-26,5.73,5.81,5.82,5.7,59418,34282677.0,2.11,1.93,0.11,2.07
899,2015-01-27,5.82,5.82,5.86,5.73,72844,42232302.0,2.24,0.17,0.01,2.54
900,2015-01-28,5.79,5.76,5.84,5.74,54781,31742582.0,1.72,-1.03,-0.06,1.91
901,2015-01-29,5.72,5.75,5.81,5.69,45178,25999920.0,2.08,-0.17,-0.01,1.58
902,2015-01-30,5.79,5.69,5.79,5.69,45079,25900271.0,1.74,-1.04,-0.06,1.57
903,2015-02-02,5.63,5.72,5.77,5.6,42047,23982236.0,2.99,0.53,0.03,1.47
904,2015-02-03,5.72,5.83,5.83,5.69,77067,44595658.0,2.45,1.92,0.11,2.69
905,2015-02-04,5.84,5.79,5.84,5.75,42910,24894807.0,1.54,-0.69,-0.04,1.5
906,2015-02-05,5.82,5.77,5.86,5.76,72197,42023672.0,1.73,-0.35,-0.02,2.52
907,2015-02-06,5.76,5.6,5.78,5.58,46988,26664504.0,3.47,-2.95,-0.17,1.64
908,2015-02-09,5.57,5.52,5.63,5.5,34605,19316813.0,2.32,-1.43,-0.08,1.21
909,2015-02-10,5.54,5.57,5.57,5.51,22978,12742320.0,1.09,0.91,0.05,0.8
910,2015-02-11,5.6,5.63,5.66,5.57,28552,16054958.0,1.62,1.08,0.06,1.0
911,2015-02-12,5.64,5.71,5.72,5.64,32521,18519261.0,1.42,1.42,0.08,1.13
912,2015-02-13,5.74,5.78,5.82,5.73,58012,33567882.0,1.58,1.23,0.07,2.02
913,2015-02-16,5.8,5.91,5.92,5.8,66436,39022325.0,2.08,2.25,0.13,2.32
914,2015-02-17,5.92,5.88,5.93,5.86,53921,31727855.0,1.18,-0.51,-0.03,1.88
915,2015-02-25,5.9,5.88,5.91,5.85,46956,27634048.0,1.02,0.0,0.0,1.64
916,2015-02-26,5.89,6.0,6.0,5.87,72579,43049725.0,2.21,2.04,0.12,2.53
917,2015-02-27,6.0,6.07,6.09,5.96,77188,46514777.0,2.17,1.17,0.07,2.69
918,2015-03-02,6.11,6.14,6.16,6.05,83820,51219781.0,1.81,1.15,0.07,2.92
919,2015-03-03,6.12,6.04,6.17,6.04,107431,65561380.0,2.12,-1.63,-0.1,3.75
920,2015-03-04,6.03,6.17,6.18,6.02,103815,63424077.0,2.65,2.15,0.13,3.62
921,2015-03-05,6.19,6.2,6.23,6.13,132520,81898993.0,1.62,0.49,0.03,4.62
922,2015-03-06,6.2,6.12,6.22,6.07,98978,60795421.0,2.42,-1.29,-0.08,3.45
923,2015-03-09,6.11,6.18,6.19,6.04,78788,48245179.0,2.45,0.98,0.06,2.75
924,2015-03-10,6.17,6.28,6.33,6.16,126348,79280168.0,2.75,1.62,0.1,4.41
925,2015-03-11,6.28,6.29,6.34,6.23,101985,64017571.0,1.75,0.16,0.01,3.56
926,2015-03-12,6.28,6.22,6.37,6.19,110091,69124402.0,2.86,-1.11,-0.07,3.84
927,2015-03-13,6.24,6.32,6.33,6.22,76779,48225172.0,1.77,1.61,0.1,2.68
928,2015-03-16,6.35,6.53,6.55,6.33,178637,115535680.0,3.48,3.32,0.21,6.23
929,2015-03-17,6.55,6.58,6.68,6.46,180420,118461489.0,3.37,0.77,0.05,6.29
930,2015-03-18,6.58,6.86,6.95,6.52,235979,159701226.0,6.53,4.26,0.28,8.23
931,2015-03-19,6.87,6.89,6.96,6.74,182603,124941016.0,3.21,0.44,0.03,6.37
932,2015-03-20,6.9,7.16,7.44,6.85,270718,193487252.0,8.56,3.92,0.27,9.44
933,2015-03-23,7.21,7.44,7.49,7.15,262473,193028852.0,4.75,3.91,0.28,9.15
934,2015-03-24,7.42,7.26,7.43,6.96,249881,180668093.0,6.32,-2.42,-0.18,8.71
935,2015-03-25,7.26,7.38,7.41,7.12,196132,142799898.0,3.99,1.65,0.12,6.84
936,2015-03-26,7.33,7.17,7.42,7.1,165716,119933250.0,4.34,-2.85,-0.21,5.78
937,2015-03-27,7.26,7.32,7.34,7.15,150975,109225028.0,2.65,2.09,0.15,5.27
938,2015-03-30,7.32,7.45,7.5,7.29,194506,143706634.0,2.87,1.78,0.13,6.78
939,2015-03-31,7.49,7.47,7.68,7.3,219235,163954646.0,5.1,0.27,0.02,7.65
940,2015-04-01,7.5,7.76,7.88,7.47,211111,163096175.0,5.49,3.88,0.29,7.36
941,2015-04-02,7.84,8.18,8.4,7.71,274365,221064600.0,8.89,5.41,0.42,9.57
942,2015-04-03,8.09,8.41,8.54,8.03,206590,172377853.0,6.23,2.81,0.23,7.2
943,2015-04-07,8.57,8.88,8.96,8.4,209041,179951864.0,6.66,5.59,0.47,7.29
944,2015-04-08,8.8,8.5,8.96,8.3,232513,200533030.0,7.43,-4.28,-0.38,8.11
945,2015-04-09,8.43,8.25,8.47,7.9,221994,180773203.0,6.71,-2.94,-0.25,7.74
946,2015-04-10,8.49,9.08,9.08,8.41,244278,215670333.0,8.12,10.06,0.83,8.52
947,2015-04-13,9.46,9.18,9.73,9.18,321301,300948752.0,6.06,1.1,0.1,11.21
948,2015-04-14,9.16,9.29,9.48,8.92,206663,190750060.0,6.1,1.2,0.11,7.21
949,2015-04-15,9.11,8.67,9.2,8.67,199256,177330905.0,5.71,-6.67,-0.62,6.95
950,2015-04-16,8.6,8.82,8.88,8.35,148305,128839643.0,6.11,1.73,0.15,5.17
951,2015-04-17,8.83,8.73,8.9,8.69,168797,148238839.0,2.38,-1.02,-0.09,5.89
952,2015-04-20,8.74,8.32,8.74,8.26,182740,155866956.0,5.5,-4.7,-0.41,6.37
953,2015-04-21,8.32,8.73,8.75,8.32,142067,121688037.0,5.17,4.93,0.41,4.95
954,2015-04-22,8.76,9.05,9.1,8.76,194320,174745298.0,3.89,3.67,0.32,6.78
955,2015-04-23,9.09,9.4,9.46,8.89,230925,211080690.0,6.3,3.87,0.35,8.05
956,2015-04-24,9.23,9.35,9.67,9.05,200364,187798444.0,6.6,-0.53,-0.05,6.99
957,2015-04-27,9.6,9.25,9.62,9.2,156120,146006288.0,4.49,-1.07,-0.1,5.44
958,2015-04-28,9.27,8.79,9.27,8.62,181371,161515415.0,7.03,-4.97,-0.46,6.33
959,2015-04-29,8.76,9.11,9.12,8.73,140262,125787733.0,4.44,3.64,0.32,4.89
960,2015-04-30,9.16,9.17,9.4,9.03,191689,177365960.0,4.06,0.66,0.06,6.69
961,2015-05-04,9.17,9.18,9.27,9.04,108277,99106607.0,2.51,0.11,0.01,3.78
962,2015-05-05,9.18,8.84,9.2,8.69,129563,116091597.0,5.56,-3.7,-0.34,4.52
963,2015-05-06,8.84,8.56,9.13,8.49,134209,119375341.0,7.24,-3.17,-0.28,4.68
964,2015-05-07,8.55,8.1,8.68,8.0,115289,95810930.0,7.94,-5.37,-0.46,4.02
965,2015-05-08,8.21,8.53,8.56,8.21,132771,111375435.0,4.32,5.31,0.43,4.63
966,2015-05-11,8.6,9.38,9.38,8.56,400434,369472064.0,9.61,9.96,0.85,13.97
967,2015-05-12,9.39,9.4,9.6,9.02,354335,330730208.0,6.18,0.21,0.02,12.36
968,2015-05-13,9.2,9.29,9.46,9.1,206367,191916740.0,3.83,-1.17,-0.11,7.2
969,2015-05-14,9.37,9.58,9.88,9.35,300464,288684688.0,5.71,3.12,0.29,10.48
970,2015-05-15,9.51,10.14,10.49,9.46,397646,395072080.0,10.75,5.85,0.56,13.87
971,2015-07-22,9.22,10.08,10.8,9.08,645554,615953104.0,16.96,-0.59,-0.06,22.07
972,2015-07-23,9.85,10.28,10.6,9.61,444973,448197488.0,9.82,1.98,0.2,15.21
973,2015-07-24,10.18,9.4,10.27,9.25,398080,391825504.0,9.92,-8.56,-0.88,13.61
974,2015-07-27,8.99,8.46,9.32,8.46,302559,267923389.0,9.15,-10.0,-0.94,10.34
975,2015-07-28,7.61,7.61,8.26,7.61,325312,251150612.0,7.68,-10.05,-0.85,11.12
976,2015-07-29,7.8,8.17,8.19,7.6,221234,173026506.0,7.75,7.36,0.56,7.56
977,2015-07-30,8.0,7.89,8.43,7.86,224290,184248698.0,6.98,-3.43,-0.28,7.67
978,2015-07-31,7.76,7.65,8.04,7.51,130880,102512420.0,6.72,-3.04,-0.24,4.47
979,2015-08-03,7.63,7.06,7.68,6.89,180828,129958468.0,10.33,-7.71,-0.59,6.18
980,2015-08-04,7.08,7.71,7.72,7.08,162331,119679333.0,9.07,9.21,0.65,5.55
981,2015-08-05,7.65,7.55,7.82,7.41,161442,123634179.0,5.32,-2.08,-0.16,5.52
982,2015-08-06,7.4,7.69,7.84,7.32,144213,110537164.0,6.89,1.85,0.14,4.93
983,2015-08-07,7.76,8.05,8.07,7.76,147099,117176969.0,4.03,4.68,0.36,5.03
984,2015-08-10,8.2,8.86,8.86,8.11,249128,214461627.0,9.32,10.06,0.81,8.52
985,2015-08-11,8.99,8.99,9.31,8.87,288648,262148992.0,4.97,1.47,0.13,9.87
986,2015-08-12,8.92,8.7,9.16,8.6,161900,143431811.0,6.23,-3.23,-0.29,5.53
987,2015-08-13,8.7,9.05,9.06,8.63,176217,156606489.0,4.94,4.02,0.35,6.02
988,2015-08-14,9.18,9.01,9.22,8.86,191730,172799404.0,3.98,-0.44,-0.04,6.55
989,2015-08-17,9.43,9.61,9.8,9.25,274869,261211693.0,6.1,6.66,0.6,9.4
990,2015-08-18,9.52,8.65,9.71,8.65,262817,241148374.0,11.03,-9.99,-0.96,8.98
991,2015-08-19,8.35,9.15,9.26,8.09,230952,200265592.0,13.53,5.78,0.5,7.89
992,2015-08-20,9.01,9.0,9.55,8.88,209724,192880585.0,7.32,-1.64,-0.15,7.17
993,2015-08-21,8.9,8.27,8.95,8.2,155569,133654954.0,8.33,-8.11,-0.73,5.32
994,2015-08-24,7.84,7.44,8.0,7.44,118493,89456051.0,6.77,-10.04,-0.83,4.05
995,2015-08-25,6.81,6.7,7.05,6.7,184926,125505867.0,4.7,-9.95,-0.74,6.32
996,2015-08-26,6.63,6.41,7.09,6.13,236086,156861513.0,14.33,-4.33,-0.29,8.07
997,2015-08-27,6.66,6.9,6.93,6.4,177372,118289342.0,8.27,7.64,0.49,6.06
998,2015-08-28,7.04,7.46,7.49,6.9,196180,139531432.0,8.55,8.12,0.56,6.71
999,2015-08-31,7.35,6.91,7.43,6.8,144589,103046992.0,8.45,-7.37,-0.55,4.94
1000,2015-09-01,6.83,6.4,6.87,6.37,122290,80464595.0,7.24,-7.38,-0.51,4.18
1001,2015-09-02,6.2,6.19,6.78,6.08,116718,74774630.0,10.94,-3.28,-0.21,3.99
1002,2015-09-07,6.4,6.49,6.71,6.4,108778,71304851.0,5.01,4.85,0.3,3.72
1003,2015-09-08,6.6,6.86,6.96,6.38,115830,76467879.0,8.94,5.7,0.37,3.96
1004,2015-09-09,6.96,7.04,7.18,6.85,158922,111693801.0,4.81,2.62,0.18,5.43
1005,2015-09-10,6.93,7.17,7.17,6.87,127954,90053054.0,4.26,1.85,0.13,4.37
1006,2015-09-11,7.14,7.33,7.33,7.02,139299,100293151.0,4.32,2.23,0.16,4.76
1007,2015-09-14,7.48,6.6,7.48,6.6,169998,116837848.0,12.01,-9.96,-0.73,5.81
1008,2015-09-15,6.4,6.13,6.52,6.11,96648,61042283.0,6.21,-7.12,-0.47,3.3
1009,2015-09-16,6.21,6.72,6.74,6.2,128839,83487367.0,8.81,9.62,0.59,4.4
1010,2015-09-17,6.66,6.45,6.9,6.45,141704,94990555.0,6.7,-4.02,-0.27,4.84
1011,2015-09-18,6.6,6.55,6.63,6.42,68231,44520085.0,3.26,1.55,0.1,2.33
1012,2015-09-21,6.5,6.82,6.83,6.43,117323,78477274.0,6.11,4.12,0.27,4.01
1013,2015-09-22,6.83,6.83,6.95,6.68,132603,90508526.0,3.96,0.15,0.01,4.53
1014,2015-09-23,6.71,6.73,6.85,6.66,83145,56141359.0,2.78,-1.46,-0.1,2.84
1015,2015-09-24,6.76,6.88,6.91,6.75,86465,59137683.0,2.38,2.23,0.15,2.96
1016,2015-09-25,6.88,6.54,6.88,6.46,90906,60675499.0,6.1,-4.94,-0.34,3.11
1017,2015-09-28,6.57,6.75,6.75,6.48,67547,45055927.0,4.13,3.21,0.21,2.31
1018,2015-09-29,6.67,6.6,6.73,6.52,61043,40517912.0,3.11,-2.22,-0.15,2.09
1019,2015-09-30,6.61,6.65,6.71,6.6,48644,32335866.0,1.67,0.76,0.05,1.66
1020,2015-10-08,6.84,6.93,7.02,6.79,115915,80088922.0,3.46,4.21,0.28,3.96
1021,2015-10-09,6.9,7.05,7.08,6.86,108489,75747337.0,3.17,1.73,0.12,3.71
1022,2015-10-12,7.12,7.57,7.63,7.11,180770,134005301.0,7.38,7.38,0.52,6.18
1023,2015-10-13,7.52,7.64,7.75,7.5,161128,123167241.0,3.3,0.92,0.07,5.51
1024,2015-10-14,7.45,7.47,7.67,7.43,138862,104566111.0,3.14,-2.23,-0.17,4.75
1025,2015-10-15,7.66,7.99,8.04,7.6,241257,189259255.0,5.89,6.96,0.52,8.25
1026,2015-10-16,7.98,8.0,8.14,7.8,192832,153552074.0,4.26,0.13,0.01,6.59
1027,2015-10-19,8.02,7.91,8.05,7.82,124289,98683952.0,2.88,-1.13,-0.09,4.25
1028,2015-10-20,7.9,8.15,8.23,7.85,148009,119441537.0,4.8,3.03,0.24,5.06
1029,2015-10-21,8.15,7.42,8.19,7.39,180816,141222799.0,9.82,-8.96,-0.73,6.18
1030,2015-10-22,7.5,7.88,7.95,7.5,154833,120077030.0,6.06,6.2,0.46,5.29
1031,2015-10-23,7.92,8.4,8.46,7.92,227387,184929403.0,6.85,6.6,0.52,7.77
1032,2015-10-26,8.48,8.3,8.53,8.21,162101,135339131.0,3.81,-1.19,-0.1,5.54
1033,2015-10-27,8.23,8.51,8.61,7.85,177908,146376216.0,9.16,2.53,0.21,6.08
1034,2015-10-28,8.45,8.15,8.56,8.13,134984,112628230.0,5.05,-4.23,-0.36,4.61
1035,2015-10-29,8.3,8.21,8.37,8.11,91526,75338531.0,3.19,0.74,0.06,3.13
1036,2015-10-30,8.19,8.2,8.39,8.14,100338,83102732.0,3.05,-0.12,-0.01,3.43
1037,2015-11-02,8.08,7.95,8.32,7.9,103088,83616417.0,5.12,-3.05,-0.25,3.52
1038,2015-11-03,8.0,7.95,8.08,7.88,76059,60705810.0,2.52,0.0,0.0,2.6
1039,2015-11-04,8.0,8.42,8.43,7.99,157150,129930384.0,5.53,5.91,0.47,5.37
1040,2015-11-05,8.47,8.45,8.55,8.28,182052,153351196.0,3.21,0.36,0.03,6.22
1041,2015-11-06,8.45,8.73,8.75,8.42,142712,123087184.0,3.91,3.31,0.28,4.88
1042,2015-11-09,8.65,8.79,8.87,8.51,141293,123331519.0,4.12,0.69,0.06,4.83
1043,2015-11-10,8.72,8.71,8.85,8.6,118051,103068060.0,2.84,-0.91,-0.08,4.04
1044,2015-11-11,8.7,8.82,8.83,8.61,143595,125587648.0,2.53,1.26,0.11,4.91
1045,2015-11-12,8.87,8.77,8.91,8.64,128032,112081683.0,3.06,-0.57,-0.05,4.38
1046,2015-11-13,8.61,8.53,8.69,8.48,131007,112542048.0,2.39,-2.74,-0.24,4.48
1047,2015-11-16,8.35,8.73,8.74,8.22,121238,103388173.0,6.1,2.34,0.2,4.14
1048,2015-11-17,8.78,8.61,8.85,8.58,160530,140293536.0,3.09,-1.37,-0.12,5.49
1049,2015-11-18,8.62,8.52,8.76,8.5,113072,97719854.0,3.02,-1.05,-0.09,3.86
1050,2015-11-19,8.55,8.79,8.8,8.5,140832,121511429.0,3.52,3.17,0.27,4.81
1051,2015-11-20,8.8,9.08,9.23,8.75,224178,202044642.0,5.46,3.3,0.29,7.66
1052,2015-11-23,9.02,9.02,9.3,8.95,159176,145155827.0,3.85,-0.66,-0.06,5.44
1053,2015-11-24,8.95,9.26,9.26,8.82,155365,140426737.0,4.88,2.66,0.24,5.31
1054,2015-11-25,9.38,9.37,9.46,9.24,136267,127306057.0,2.38,1.19,0.11,4.66
1055,2015-11-26,9.37,9.29,9.42,9.23,127799,118909933.0,2.03,-0.85,-0.08,4.37
1056,2015-11-27,9.25,8.78,9.65,8.52,218964,202829675.0,12.16,-5.49,-0.51,7.48
1057,2015-11-30,8.73,9.5,9.5,8.55,219525,198388327.0,10.82,8.2,0.72,7.5
1058,2015-12-01,9.45,9.37,9.59,9.25,177121,167011650.0,3.58,-1.37,-0.13,6.05
1059,2015-12-02,9.4,9.07,9.45,8.68,142579,129390387.0,8.22,-3.2,-0.3,4.87
1060,2015-12-03,9.12,9.43,9.45,9.12,141052,130957278.0,3.64,3.97,0.36,4.82
1061,2015-12-04,9.32,9.48,9.53,9.3,142327,134265444.0,2.44,0.53,0.05,4.86
1062,2015-12-07,9.46,9.72,9.75,9.4,197257,190373540.0,3.69,2.53,0.24,6.74
1063,2015-12-08,9.65,9.51,9.92,9.45,191412,185480521.0,4.84,-2.16,-0.21,6.54
1064,2015-12-09,9.45,9.26,9.51,9.15,131113,121910887.0,3.79,-2.63,-0.25,4.48
1065,2015-12-10,9.2,9.2,9.38,9.18,94839,87923849.0,2.16,-0.65,-0.06,3.24
1066,2015-12-11,9.18,9.28,9.31,9.12,84836,78223545.0,2.07,0.87,0.08,2.9
1067,2015-12-14,9.38,9.69,9.69,9.31,138065,130821822.0,4.09,4.42,0.41,4.72
1068,2015-12-15,9.63,9.77,9.88,9.58,138532,134506174.0,3.1,0.83,0.08,4.74
1069,2015-12-16,9.82,9.9,10.03,9.71,136900,135049052.0,3.28,1.33,0.13,4.68
1070,2015-12-17,10.1,10.14,10.15,9.88,181345,181899063.0,2.73,2.42,0.24,6.2
1071,2015-12-18,10.1,10.22,10.29,9.92,186394,188526891.0,3.65,0.79,0.08,6.37
1072,2015-12-21,10.1,10.17,10.33,10.06,120865,123178168.0,2.64,-0.49,-0.05,4.13
1073,2015-12-22,10.19,10.12,10.27,9.95,111942,113010729.0,3.15,-0.49,-0.05,3.83
1074,2015-12-23,10.12,9.88,10.14,9.88,109904,109853946.0,2.57,-2.37,-0.24,3.76
1075,2015-12-24,9.85,10.0,10.07,9.72,118617,117402882.0,3.54,1.21,0.12,4.05
1076,2015-12-25,9.96,10.5,10.79,9.94,211481,219535528.0,8.5,5.0,0.5,7.23
1077,2015-12-28,10.52,10.2,10.68,10.1,184677,191705920.0,5.52,-2.86,-0.3,6.31
1078,2015-12-29,10.18,11.19,11.2,10.05,249337,265942653.0,11.27,9.71,0.99,8.52
1079,2015-12-30,11.15,11.24,11.34,10.9,202008,225933670.0,3.93,0.45,0.05,6.9
1080,2015-12-31,11.21,10.91,11.39,10.9,136132,151031126.0,4.36,-2.94,-0.33,4.58
1081,2016-01-04,10.93,9.82,11.0,9.82,172105,177777438.0,10.82,-9.99,-1.09,5.79
1082,2016-01-05,9.41,9.8,10.15,9.16,201895,195540251.0,10.08,-0.2,-0.02,6.8
1083,2016-01-06,9.79,9.87,9.95,9.4,147076,142856792.0,5.61,0.71,0.07,4.95
1084,2016-01-07,9.63,8.88,9.63,8.88,43510,39807356.0,7.6,-10.03,-0.99,1.46
1085,2016-01-08,8.9,8.84,9.19,8.2,175233,154762831.0,11.15,-0.45,-0.04,5.9
1086,2016-01-11,8.5,7.96,8.68,7.96,142531,119115484.0,8.14,-9.95,-0.88,4.8
1087,2016-01-12,7.94,8.12,8.19,7.74,110163,88248454.0,5.65,2.01,0.16,3.71
1088,2016-01-13,8.18,7.69,8.2,7.68,101889,81565126.0,6.4,-5.3,-0.43,3.43
1089,2016-01-14,7.45,8.12,8.14,7.38,125277,98371630.0,9.88,5.59,0.43,4.22
1090,2016-01-15,8.04,7.75,8.24,7.68,119560,95595149.0,6.9,-4.56,-0.37,4.02
1091,2016-01-18,7.66,8.3,8.38,7.6,161875,130679330.0,10.06,7.1,0.55,5.45
1092,2016-01-19,8.24,8.63,8.68,8.05,142494,119663139.0,7.59,3.98,0.33,4.8
1093,2016-01-20,8.51,8.68,8.73,8.3,128998,109989064.0,4.98,0.58,0.05,4.34
1094,2016-01-21,8.58,8.18,8.89,8.0,121907,104660764.0,10.25,-5.76,-0.5,4.1
1095,2016-01-22,8.45,8.42,8.5,8.2,88261,73787517.0,3.67,2.93,0.24,2.97
1096,2016-01-25,8.53,8.49,8.64,8.38,73482,62676737.0,3.09,0.83,0.07,2.47
1097,2016-01-26,8.45,7.64,8.45,7.64,140967,112399692.0,9.54,-10.01,-0.85,4.75
1098,2016-01-27,7.7,7.37,7.75,7.0,141037,104135407.0,9.82,-3.53,-0.27,4.75
1099,2016-01-28,7.25,7.1,7.47,7.03,98045,71180893.0,5.97,-3.66,-0.27,3.3
1100,2016-01-29,7.09,7.45,7.53,7.05,93190,68354206.0,6.76,4.93,0.35,3.14
1101,2016-02-01,7.47,7.55,7.85,7.33,129610,98536833.0,6.98,1.34,0.1,4.36
1102,2016-02-02,7.55,7.79,7.88,7.51,94933,73606702.0,4.9,3.18,0.24,3.2
1103,2016-02-03,7.66,7.77,7.86,7.53,69309,53197768.0,4.24,-0.26,-0.02,2.33
1104,2016-02-04,7.78,7.86,7.93,7.77,106610,83696207.0,2.06,1.16,0.09,3.59
1105,2016-02-05,7.89,7.69,7.94,7.62,62692,48939520.0,4.07,-2.16,-0.17,2.11
1106,2016-02-15,7.36,7.62,7.72,7.26,69110,52020459.0,5.98,-0.91,-0.07,2.33
1107,2016-02-16,7.7,7.98,8.04,7.68,91643,72317520.0,4.72,4.72,0.36,3.08
1108,2016-02-17,8.0,8.07,8.08,7.85,105668,84448125.0,2.88,1.13,0.09,3.56
1109,2016-02-18,8.13,7.98,8.24,7.97,99449,80365914.0,3.35,-1.12,-0.09,3.35
1110,2016-02-19,7.95,8.09,8.15,7.94,82096,66144028.0,2.63,1.38,0.11,2.76
1111,2016-02-22,8.15,8.26,8.3,8.13,96531,79331324.0,2.1,2.1,0.17,3.25
1112,2016-02-23,8.3,8.15,8.33,8.02,96022,78708069.0,3.75,-1.33,-0.11,3.23
1113,2016-02-24,8.1,8.19,8.19,7.91,103280,83414946.0,3.44,0.49,0.04,3.48
1114,2016-02-25,8.16,7.4,8.17,7.37,127446,98504209.0,9.77,-9.65,-0.79,4.29
1115,2016-02-26,7.5,7.45,7.59,7.25,91725,68415392.0,4.59,0.68,0.05,3.09
1116,2016-02-29,7.42,6.99,7.46,6.86,96488,67761443.0,8.05,-6.17,-0.46,3.25
1117,2016-03-01,7.02,7.19,7.28,6.96,79076,56144970.0,4.58,2.86,0.2,2.66
1118,2016-03-02,7.18,7.63,7.64,7.17,100957,74995024.0,6.54,6.12,0.44,3.4
1119,2016-03-03,7.58,7.56,7.75,7.54,90801,69403942.0,2.75,-0.92,-0.07,3.06
1120,2016-03-04,7.56,7.29,7.63,7.12,99076,73138730.0,6.75,-3.57,-0.27,3.34
1121,2016-03-07,7.38,7.44,7.62,7.37,115903,86635241.0,3.43,2.06,0.15,3.9
1122,2016-03-08,7.43,7.52,7.54,7.03,102070,74389268.0,6.85,1.08,0.08,3.44
1123,2016-03-09,7.37,7.33,7.43,7.23,65958,48391836.0,2.66,-2.53,-0.19,2.22
1124,2016-03-10,7.33,7.27,7.44,7.24,54029,39616018.0,2.73,-0.82,-0.06,1.82
1125,2016-03-11,7.23,7.29,7.34,7.18,47709,34672875.0,2.2,0.28,0.02,1.61
1126,2016-03-14,7.36,7.56,7.69,7.36,94852,71799251.0,4.53,3.7,0.27,3.19
1127,2016-03-15,7.54,7.56,7.61,7.45,58966,44452055.0,2.12,0.0,0.0,1.98
1128,2016-03-16,7.68,7.47,7.73,7.42,63746,48262048.0,4.1,-1.19,-0.09,2.15
1129,2016-03-17,7.52,7.8,7.86,7.5,106868,82325482.0,4.82,4.42,0.33,3.6
1130,2016-03-18,7.81,8.04,8.09,7.77,118153,94412916.0,4.1,3.08,0.24,3.98
1131,2016-03-21,8.13,8.19,8.21,8.05,108989,88594047.0,1.99,1.87,0.15,3.67
1132,2016-03-22,8.13,8.13,8.24,8.08,73962,60279038.0,1.95,-0.73,-0.06,2.49
1133,2016-03-23,8.14,8.21,8.26,8.05,94275,76824123.0,2.58,0.98,0.08,3.17
1134,2016-03-24,8.17,8.02,8.2,8.01,96948,78546987.0,2.31,-2.31,-0.19,3.26
1135,2016-03-25,8.01,8.12,8.13,8.0,66019,53263486.0,1.62,1.25,0.1,2.22
1136,2016-03-28,8.14,8.12,8.28,8.12,94211,77275162.0,1.97,0.0,0.0,3.17
1137,2016-03-29,8.13,8.0,8.16,7.91,72759,58415613.0,3.08,-1.48,-0.12,2.45
1138,2016-03-30,8.06,8.44,8.45,8.06,109426,90605905.0,4.88,5.5,0.44,3.68
1139,2016-03-31,8.26,8.13,8.32,8.05,250365,205255827.0,3.2,-3.67,-0.31,8.43
1140,2016-04-01,8.06,8.01,8.07,7.82,128977,102272461.0,3.08,-1.48,-0.12,4.34
1141,2016-04-05,7.96,8.15,8.19,7.9,146401,118341673.0,3.62,1.75,0.14,4.93
1142,2016-04-06,8.13,8.2,8.25,8.09,118498,97014921.0,1.96,0.61,0.05,3.99
1143,2016-04-07,8.2,8.04,8.24,8.03,101782,82638001.0,2.56,-1.95,-0.16,3.43
1144,2016-04-08,8.02,7.88,8.02,7.77,102794,81276914.0,3.11,-1.99,-0.16,3.46
1145,2016-04-11,7.92,8.11,8.13,7.92,117663,94856572.0,2.66,2.92,0.23,3.96
1146,2016-04-12,8.05,8.07,8.11,7.96,78621,63108729.0,1.85,-0.49,-0.04,2.65
1147,2016-04-13,8.1,8.15,8.26,8.1,143469,117668095.0,1.98,0.99,0.08,4.83
1148,2016-04-14,8.22,8.25,8.28,8.17,100973,83045903.0,1.35,1.23,0.1,3.4
1149,2016-04-15,8.25,8.37,8.46,8.22,139459,116356912.0,2.91,1.45,0.12,4.69
1150,2016-04-18,8.29,8.18,8.31,8.13,83773,68524330.0,2.15,-2.27,-0.19,2.82
1151,2016-04-19,8.22,8.19,8.28,8.09,67884,55473382.0,2.32,0.12,0.01,2.29
1152,2016-04-20,8.19,7.65,8.22,7.48,158780,124070552.0,9.04,-6.59,-0.54,5.34
1153,2016-04-21,7.65,7.65,7.85,7.56,92367,71368628.0,3.79,0.0,0.0,3.11
1154,2016-04-22,7.7,7.76,7.77,7.61,63148,48654961.0,2.09,1.44,0.11,2.13
1155,2016-04-25,7.72,7.7,7.73,7.51,66706,51000352.0,2.84,-0.77,-0.06,2.25
1156,2016-04-26,7.67,7.87,7.87,7.67,53408,41437535.0,2.6,2.21,0.17,1.8
1157,2016-04-27,7.96,7.9,8.08,7.86,76804,61320988.0,2.8,0.38,0.03,2.59
1158,2016-04-28,7.9,7.88,7.99,7.69,59570,46736679.0,3.8,-0.25,-0.02,2.01
1159,2016-04-29,7.8,7.83,7.91,7.78,40064,31426901.0,1.65,-0.63,-0.05,1.35
1160,2016-05-03,7.85,8.07,8.07,7.72,82059,65401027.0,4.47,3.07,0.24,2.76
1161,2016-05-04,8.04,8.14,8.18,8.02,85622,69383874.0,1.98,0.87,0.07,2.88
1162,2016-05-05,8.09,8.18,8.21,8.09,64019,52283770.0,1.47,0.49,0.04,2.16
1163,2016-05-06,8.2,7.8,8.21,7.77,93091,73968507.0,5.38,-4.65,-0.38,3.13
1164,2016-05-09,7.76,7.46,7.76,7.39,76347,57558651.0,4.74,-4.36,-0.34,2.57
1165,2016-05-10,7.45,7.4,7.52,7.35,47781,35532748.0,2.28,-0.8,-0.06,1.61
1166,2016-05-11,7.47,7.33,7.5,7.3,39227,28981438.0,2.7,-0.95,-0.07,1.32
1167,2016-05-12,7.25,7.18,7.25,7.08,57407,41050224.0,2.32,-2.05,-0.15,1.93
1168,2016-05-13,7.18,7.12,7.27,7.06,57402,41113181.0,2.92,-0.84,-0.06,1.93
1169,2016-05-16,7.12,7.22,7.22,7.02,52108,37260719.0,2.81,1.4,0.1,1.75
1170,2016-05-17,7.2,7.21,7.31,7.13,58749,42345267.0,2.49,-0.14,-0.01,1.98
1171,2016-05-18,7.15,6.93,7.16,6.9,79533,55623661.0,3.61,-3.88,-0.28,2.68
1172,2016-05-19,6.94,6.95,7.08,6.93,57776,40511044.0,2.16,0.29,0.02,1.94
1173,2016-05-20,6.92,7.05,7.06,6.87,41575,29050138.0,2.73,1.44,0.1,1.4
1174,2016-05-23,7.05,7.13,7.15,7.04,38114,27092454.0,1.56,1.13,0.08,1.28
1175,2016-05-24,7.14,7.07,7.14,7.0,41967,29633924.0,1.96,-0.84,-0.06,1.41
1176,2016-05-25,7.11,7.08,7.17,7.05,42044,29915062.0,1.7,0.14,0.01,1.42
1177,2016-05-26,7.08,7.13,7.13,6.91,50034,35238679.0,3.11,0.71,0.05,1.68
1178,2016-05-27,7.09,7.11,7.17,7.07,36765,26173707.0,1.4,-0.28,-0.02,1.24
1179,2016-05-30,7.11,7.12,7.18,7.01,47574,33831460.0,2.39,0.14,0.01,1.6
1180,2016-05-31,7.11,7.42,7.44,7.1,77122,56396167.0,4.78,4.21,0.3,2.6
1181,2016-06-01,7.43,7.45,7.56,7.38,91306,68045316.0,2.43,0.4,0.03,3.07
1182,2016-06-02,7.45,7.5,7.56,7.42,59670,44719778.0,1.88,0.67,0.05,2.01
1183,2016-06-03,7.5,7.54,7.58,7.46,53651,40324941.0,1.6,0.53,0.04,1.81
1184,2016-06-06,7.56,7.55,7.59,7.51,44680,33735424.0,1.06,0.13,0.01,1.5
1185,2016-06-07,7.58,7.52,7.58,7.42,49786,37287276.0,2.12,-0.4,-0.03,1.68
1186,2016-06-08,7.46,7.53,7.56,7.44,57085,42874576.0,1.6,0.13,0.01,1.92
1187,2016-06-13,7.44,7.1,7.49,7.1,77190,56909666.0,5.18,-5.71,-0.43,2.6
1188,2016-06-14,7.08,7.12,7.17,7.04,65802,46750753.0,1.83,0.28,0.02,2.22
1189,2016-06-15,7.09,7.38,7.48,7.05,61475,44908699.0,6.04,3.65,0.26,2.07
1190,2016-06-16,7.39,7.32,7.44,7.31,53505,39356827.0,1.76,-0.81,-0.06,1.8
1191,2016-06-17,7.25,7.34,7.43,7.24,49946,36713633.0,2.6,0.27,0.02,1.68
1192,2016-06-20,7.34,7.38,7.41,7.25,54221,39733142.0,2.18,0.54,0.04,1.83
1193,2016-06-21,7.43,7.33,7.55,7.31,64389,47945391.0,3.25,-0.68,-0.05,2.17
1194,2016-06-22,7.29,7.53,7.55,7.28,67918,50654004.0,3.68,2.73,0.2,2.29
1195,2016-06-23,7.49,7.48,7.6,7.41,54136,40641977.0,2.52,-0.66,-0.05,1.82
1196,2016-06-24,7.5,7.42,7.58,7.2,71070,52755005.0,5.08,-0.8,-0.06,2.39
1197,2016-06-27,7.38,7.65,7.65,7.35,77591,58765724.0,4.04,3.1,0.23,2.61
1198,2016-06-28,7.6,7.69,7.74,7.57,78753,60229155.0,2.22,0.52,0.04,2.65
1199,2016-06-29,7.7,7.7,7.77,7.68,66456,51284103.0,1.17,0.13,0.01,2.24
1200,2016-06-30,7.75,7.7,7.76,7.65,56846,43787441.0,1.43,0.0,0.0,1.93
1201,2016-07-01,7.7,7.71,7.82,7.66,60408,46712418.0,2.08,0.13,0.01,2.05
1202,2016-07-04,7.71,7.85,7.85,7.67,72572,56521379.0,2.33,1.82,0.14,2.46
1203,2016-07-05,7.85,7.81,7.88,7.72,78501,61189377.0,2.04,-0.51,-0.04,2.67
1204,2016-07-06,7.78,7.8,7.83,7.72,59688,46438188.0,1.41,-0.13,-0.01,2.03
1205,2016-07-07,7.8,7.81,7.85,7.71,68839,53536404.0,1.79,0.13,0.01,2.34
1206,2016-07-08,7.8,7.92,7.95,7.77,93906,74012056.0,2.3,1.41,0.11,3.19
1207,2016-07-11,7.92,7.86,7.96,7.83,70666,55800773.0,1.64,-0.76,-0.06,2.4
1208,2016-07-12,7.86,7.89,7.9,7.65,73550,57423346.0,3.18,0.38,0.03,2.5
1209,2016-07-13,7.88,7.88,7.93,7.84,75210,59307694.0,1.14,-0.13,-0.01,2.55
1210,2016-07-14,7.85,7.95,7.96,7.85,90440,71590388.0,1.4,0.89,0.07,3.07
1211,2016-07-15,7.96,7.97,8.11,7.91,101640,81494020.0,2.52,0.25,0.02,3.45
1212,2016-07-18,7.95,7.87,7.96,7.8,51151,40255774.0,2.01,-1.25,-0.1,1.74
1213,2016-07-19,7.85,7.88,7.91,7.71,74597,58251469.0,2.54,0.13,0.01,2.53
1214,2016-07-20,7.86,7.88,7.93,7.85,57877,45698744.0,1.02,0.0,0.0,1.97
1215,2016-07-21,7.86,7.86,7.92,7.8,71412,56182409.0,1.52,-0.25,-0.02,2.42
1216,2016-07-22,7.86,7.74,7.87,7.71,56744,44173840.0,2.04,-1.53,-0.12,1.93
1217,2016-07-25,7.73,7.78,7.85,7.72,56728,44198570.0,1.68,0.52,0.04,1.93
1218,2016-07-26,7.76,7.91,7.91,7.76,59895,47020247.0,1.93,1.67,0.13,2.03
1219,2016-07-27,7.91,7.47,7.94,7.41,106284,81275598.0,6.7,-5.56,-0.44,3.61
1220,2016-07-28,7.47,7.52,7.56,7.42,63119,47291136.0,1.87,0.67,0.05,2.14
1221,2016-07-29,7.53,7.4,7.53,7.39,47281,35216989.0,1.86,-1.6,-0.12,1.61
1222,2016-08-01,7.38,7.37,7.4,7.24,56298,41200176.0,2.16,-0.41,-0.03,1.91
1223,2016-08-02,7.36,7.46,7.48,7.31,38936,28939092.0,2.31,1.22,0.09,1.32
1224,2016-08-03,7.46,7.47,7.5,7.41,42466,31664449.0,1.21,0.13,0.01,1.44
1225,2016-08-04,7.47,7.49,7.52,7.42,44351,33061571.0,1.34,0.27,0.02,1.51
1226,2016-08-05,7.46,7.46,7.51,7.46,31945,23906342.0,0.67,-0.4,-0.03,1.08
1227,2016-08-08,7.47,7.53,7.55,7.4,36017,26937814.0,2.01,0.94,0.07,1.22
1228,2016-08-09,7.49,7.62,7.64,7.49,45881,34821163.0,1.99,1.2,0.09,1.56
1229,2016-08-10,7.62,7.6,7.68,7.59,35259,26911604.0,1.18,-0.26,-0.02,1.2
1230,2016-08-11,7.6,7.43,7.63,7.42,41186,30975295.0,2.76,-2.24,-0.17,1.4
1231,2016-08-12,7.44,7.53,7.55,7.43,37782,28277662.0,1.62,1.35,0.1,1.28
1232,2016-08-15,7.55,7.72,7.73,7.53,78569,60057536.0,2.66,2.52,0.19,2.67
1233,2016-08-16,7.69,7.74,7.77,7.69,47370,36637509.0,1.04,0.26,0.02,1.61
1234,2016-08-17,7.73,7.78,7.79,7.7,44465,34450947.0,1.16,0.52,0.04,1.51
1235,2016-08-18,7.76,7.76,7.79,7.71,51580,39959157.0,1.03,-0.26,-0.02,1.75
1236,2016-08-19,7.73,7.75,7.77,7.72,37425,28977314.0,0.64,-0.13,-0.01,1.27
1237,2016-08-22,7.75,7.67,7.76,7.66,41481,31998828.0,1.29,-1.03,-0.08,1.41
1238,2016-08-23,7.66,7.74,7.76,7.66,41033,31680098.0,1.3,0.91,0.07,1.39
1239,2016-08-24,7.75,7.76,7.8,7.71,55412,42984245.0,1.16,0.26,0.02,1.88
1240,2016-08-25,7.76,7.66,7.76,7.62,47712,36574010.0,1.8,-1.29,-0.1,1.62
1241,2016-08-26,7.69,7.74,7.81,7.66,61775,47885535.0,1.96,1.04,0.08,2.1
1242,2016-08-29,7.74,7.81,7.92,7.74,94378,73970176.0,2.33,0.9,0.07,3.2
1243,2016-08-30,7.82,7.88,7.91,7.77,63064,49584482.0,1.79,0.9,0.07,2.14
1244,2016-08-31,7.85,7.85,7.88,7.77,43495,33982126.0,1.4,-0.38,-0.03,1.48
1245,2016-09-01,7.85,7.84,7.99,7.82,81064,63989893.0,2.17,-0.13,-0.01,2.75
1246,2016-09-02,7.85,7.79,7.87,7.75,62592,48760281.0,1.53,-0.64,-0.05,2.13
1247,2016-09-05,7.81,7.87,7.94,7.79,74884,58923789.0,1.93,1.03,0.08,2.54
1248,2016-09-06,7.88,8.06,8.06,7.83,137927,109885249.0,2.92,2.41,0.19,4.68
1249,2016-09-07,8.02,8.1,8.28,8.02,194974,159565980.0,3.23,0.5,0.04,6.62
1250,2016-09-08,8.1,8.15,8.18,8.05,75050,60980876.0,1.6,0.62,0.05,2.55
1251,2016-09-09,8.17,7.96,8.2,7.95,90551,73009015.0,3.07,-2.33,-0.19,3.07
1252,2016-09-12,7.8,7.73,7.88,7.72,83712,65208784.0,2.01,-2.89,-0.23,2.84
1253,2016-09-13,7.77,7.84,7.86,7.75,57498,44882640.0,1.42,1.42,0.11,1.95
1254,2016-09-14,7.82,7.86,7.95,7.78,66109,52086798.0,2.17,0.26,0.02,2.24
1255,2016-09-19,7.87,8.04,8.04,7.87,87497,69545420.0,2.16,2.29,0.18,2.97
1256,2016-09-20,8.02,8.01,8.06,7.95,63208,50480226.0,1.37,-0.37,-0.03,2.15
1257,2016-09-21,8.0,8.04,8.1,7.98,68211,54887799.0,1.5,0.37,0.03,2.32
1258,2016-09-22,8.06,8.04,8.12,8.02,63862,51496269.0,1.24,0.0,0.0,2.17
1259,2016-09-23,8.06,7.97,8.07,7.94,68009,54316286.0,1.62,-0.87,-0.07,2.31
1260,2016-09-26,7.96,7.85,8.05,7.84,71134,56705016.0,2.63,-1.51,-0.12,2.42
1261,2016-09-27,7.85,7.93,7.93,7.76,60181,47269852.0,2.17,1.02,0.08,2.04
1262,2016-09-28,7.91,7.98,8.03,7.89,70743,56431371.0,1.77,0.63,0.05,2.4
1263,2016-09-29,7.98,8.55,8.78,7.98,410930,350758128.0,10.03,7.14,0.57,13.95
1264,2016-09-30,8.4,8.38,8.52,8.3,230526,193673935.0,2.57,-1.99,-0.17,7.83
1265,2016-10-10,8.39,8.51,8.55,8.34,205705,174159743.0,2.51,1.55,0.13,6.98
1266,2016-10-11,8.51,8.61,8.7,8.44,212065,181562186.0,3.06,1.18,0.1,7.2
1267,2016-10-12,8.53,8.49,8.62,8.42,124665,106137583.0,2.32,-1.39,-0.12,4.23
1268,2016-10-13,8.45,8.49,8.49,8.37,112858,95270410.0,1.41,0.0,0.0,3.83
1269,2016-10-14,8.42,8.35,8.45,8.27,111821,93286114.0,2.12,-1.65,-0.14,3.8
1270,2016-10-17,8.37,8.24,8.4,8.18,86889,72198762.0,2.63,-1.32,-0.11,2.95
1271,2016-10-18,8.23,8.39,8.4,8.19,86278,71606248.0,2.55,1.82,0.15,2.93
1272,2016-10-19,8.4,8.3,8.44,8.28,63475,52959788.0,1.91,-1.07,-0.09,2.16
1273,2016-10-20,8.33,8.35,8.41,8.28,64578,54021286.0,1.57,0.6,0.05,2.19
1274,2016-10-21,8.36,8.38,8.45,8.25,72294,60455511.0,2.4,0.36,0.03,2.45
1275,2016-10-24,8.38,8.45,8.49,8.37,86855,73286432.0,1.43,0.84,0.07,2.95
1276,2016-10-25,8.5,8.46,8.5,8.41,52143,44017895.0,1.07,0.12,0.01,1.77
1277,2016-10-26,8.44,8.47,8.58,8.42,82869,70291154.0,1.89,0.12,0.01,2.81
1278,2016-10-27,8.47,8.39,8.48,8.35,61323,51550679.0,1.53,-0.94,-0.08,2.08
1279,2016-10-28,8.37,8.23,8.42,8.22,64532,53793161.0,2.38,-1.91,-0.16,2.19
1280,2016-10-31,8.2,8.27,8.32,8.12,55861,45936097.0,2.43,0.49,0.04,1.9
1281,2016-11-01,8.27,8.41,8.41,8.27,48742,40739718.0,1.69,1.69,0.14,1.66
1282,2016-11-02,8.39,8.35,8.44,8.33,52584,44086322.0,1.31,-0.71,-0.06,1.79
1283,2016-11-03,8.38,8.45,8.56,8.32,103833,87994796.0,2.87,1.2,0.1,3.53
1284,2016-11-04,8.45,8.43,8.56,8.38,63950,54165554.0,2.13,-0.24,-0.02,2.17
1285,2016-11-07,8.43,8.56,8.62,8.41,101481,86771726.0,2.49,1.54,0.13,3.45
1286,2016-11-08,8.6,8.59,8.62,8.54,64407,55259747.0,0.93,0.35,0.03,2.19
1287,2016-11-09,8.6,8.55,8.65,8.4,93166,79710475.0,2.91,-0.47,-0.04,3.16
1288,2016-11-10,8.65,8.74,8.75,8.61,104558,90972848.0,1.64,2.22,0.19,3.55
1289,2016-11-11,8.71,8.83,8.87,8.69,107989,94805124.0,2.06,1.03,0.09,3.67
1290,2016-11-14,8.88,8.79,8.95,8.71,102117,89969025.0,2.72,-0.45,-0.04,3.47
1291,2016-11-15,8.81,8.89,8.92,8.75,79298,70144290.0,1.93,1.14,0.1,2.69
1292,2016-11-16,8.89,8.88,9.05,8.86,96133,85980280.0,2.14,-0.11,-0.01,3.26
1293,2016-11-17,8.85,8.87,8.9,8.73,75251,66341113.0,1.91,-0.11,-0.01,2.56
1294,2016-11-18,8.88,8.84,8.95,8.82,56908,50549413.0,1.47,-0.34,-0.03,1.93
1295,2016-11-21,8.82,8.98,9.03,8.75,83869,74914762.0,3.17,1.58,0.14,2.85
1296,2016-11-22,8.93,9.12,9.18,8.93,87582,79335140.0,2.78,1.56,0.14,2.97
1297,2016-11-23,9.13,9.01,9.2,8.98,69761,63292940.0,2.41,-1.21,-0.11,2.37
1298,2016-11-24,9.01,8.84,9.07,8.83,80680,72395083.0,2.66,-1.89,-0.17,2.74
1299,2016-11-25,8.83,8.94,8.95,8.63,83996,73700856.0,3.62,1.13,0.1,2.85
1300,2016-11-28,8.93,8.98,9.04,8.83,72575,64832889.0,2.35,0.45,0.04,2.46
1301,2016-11-29,8.95,8.78,9.04,8.76,62407,55644908.0,3.12,-2.23,-0.2,2.12
1302,2016-11-30,8.78,8.71,8.89,8.66,63731,55875202.0,2.62,-0.8,-0.07,2.16
1303,2016-12-01,8.72,8.8,8.87,8.7,53824,47340140.0,1.95,1.03,0.09,1.83
1304,2016-12-02,8.82,8.57,8.86,8.54,66404,57650861.0,3.64,-2.61,-0.23,2.25
1305,2016-12-05,8.55,8.48,8.72,8.48,53981,46260577.0,2.8,-1.05,-0.09,1.83
1306,2016-12-06,8.5,8.46,8.61,8.46,54584,46592634.0,1.77,-0.24,-0.02,1.85
1307,2016-12-07,8.5,8.66,8.68,8.47,47096,40449051.0,2.48,2.36,0.2,1.6
1308,2016-12-08,8.66,8.72,9.04,8.66,107622,95284272.0,4.39,0.69,0.06,3.65
1309,2016-12-09,8.74,8.7,8.77,8.61,63157,54987403.0,1.83,-0.23,-0.02,2.14
1310,2016-12-12,8.69,8.15,8.73,8.12,94343,79122942.0,7.01,-6.32,-0.55,3.2
1311,2016-12-13,8.15,8.21,8.26,8.09,46421,37944238.0,2.09,0.74,0.06,1.58
1312,2016-12-14,8.22,8.24,8.3,8.16,45075,37090113.0,1.71,0.37,0.03,1.53
1313,2016-12-15,8.2,8.34,8.37,8.18,47538,39462017.0,2.31,1.21,0.1,1.61
1314,2016-12-16,8.27,8.56,8.72,8.27,104975,90135839.0,5.4,2.64,0.22,3.56
1315,2016-12-19,8.51,8.6,8.67,8.51,37407,32132323.0,1.87,0.47,0.04,1.27
1316,2016-12-20,8.6,8.66,8.66,8.54,38387,33072410.0,1.4,0.7,0.06,1.3
1317,2016-12-21,8.66,8.79,8.84,8.61,66632,58174893.0,2.66,1.5,0.13,2.26
1318,2016-12-22,8.77,8.79,8.8,8.66,36691,32026257.0,1.59,0.0,0.0,1.25
1319,2016-12-23,8.79,8.58,8.79,8.55,38508,33259317.0,2.73,-2.39,-0.21,1.31
1320,2016-12-26,8.57,8.74,8.74,8.41,43379,37263431.0,3.85,1.86,0.16,1.47
1321,2016-12-27,8.7,8.82,8.95,8.7,65966,58460511.0,2.86,0.92,0.08,2.24
1322,2016-12-28,8.82,8.75,8.89,8.72,44005,38681469.0,1.93,-0.79,-0.07,1.49
1323,2016-12-29,8.74,8.85,8.98,8.73,57965,51319017.0,2.86,1.14,0.1,1.97
1324,2016-12-30,8.82,9.02,9.04,8.81,72524,64906488.0,2.6,1.92,0.17,2.46
1325,2017-01-03,9.02,9.25,9.25,8.94,115520,105412818.0,3.44,2.55,0.23,3.79
1326,2017-01-04,9.2,9.27,9.4,9.14,108539,100827691.0,2.81,0.22,0.02,3.56
1327,2017-01-05,9.27,9.32,9.47,9.18,78319,73336597.0,3.13,0.54,0.05,2.57
1328,2017-01-06,9.27,9.12,9.36,9.12,59153,54363956.0,2.58,-2.15,-0.2,1.94
1329,2017-01-09,9.12,9.25,9.28,9.1,39864,36646593.0,1.97,1.43,0.13,1.31
1330,2017-01-10,9.28,9.03,9.29,9.03,63656,58302229.0,2.81,-2.38,-0.22,2.09
1331,2017-01-11,9.02,8.92,9.19,8.88,61689,55594029.0,3.43,-1.22,-0.11,2.02
1332,2017-01-12,8.94,8.82,9.18,8.8,52391,47043562.0,4.26,-1.12,-0.1,1.72
1333,2017-01-13,8.82,8.68,8.89,8.59,58539,51233279.0,3.4,-1.59,-0.14,1.92
1334,2017-01-16,8.67,8.31,8.74,7.87,82734,69828929.0,10.02,-4.26,-0.37,2.72
1335,2017-01-17,8.29,8.5,8.6,8.21,65157,54833786.0,4.69,2.29,0.19,2.14
1336,2017-01-18,8.5,8.31,8.54,8.29,32396,27200513.0,2.94,-2.24,-0.19,1.06
1337,2017-01-19,8.31,8.23,8.32,8.16,29657,24438546.0,1.93,-0.96,-0.08,0.97
1338,2017-01-20,8.22,8.4,8.45,8.2,39614,33210683.0,3.04,2.07,0.17,1.3
1339,2017-01-23,8.43,8.51,8.62,8.37,45689,38988463.0,2.98,1.31,0.11,1.5
1340,2017-01-24,8.51,8.4,8.51,8.35,66670,55986867.0,1.88,-1.29,-0.11,2.19
1341,2017-01-25,8.37,8.39,8.43,8.31,51761,43274013.0,1.43,-0.12,-0.01,1.7
1342,2017-01-26,8.39,8.41,8.45,8.34,28334,23819713.0,1.31,0.24,0.02,0.93
1343,2017-02-03,8.42,8.45,8.46,8.36,30970,26050268.0,1.19,0.48,0.04,1.02
1344,2017-02-06,8.46,8.52,8.52,8.39,46506,39317722.0,1.54,0.83,0.07,1.53
1345,2017-02-07,8.51,8.58,8.63,8.47,46021,39379324.0,1.88,0.7,0.06,1.51
1346,2017-02-08,8.59,8.73,8.73,8.55,47931,41439542.0,2.1,1.75,0.15,1.57
1347,2017-02-09,8.75,8.76,8.8,8.65,29873,26168945.0,1.72,0.34,0.03,0.98
1348,2017-02-10,8.79,8.7,8.81,8.64,45278,39480205.0,1.94,-0.68,-0.06,1.49
1349,2017-02-13,8.71,8.83,8.84,8.62,43291,37839029.0,2.53,1.49,0.13,1.42
1350,2017-02-14,8.86,8.78,8.91,8.75,30221,26616459.0,1.81,-0.57,-0.05,0.99
1351,2017-02-15,8.75,8.65,8.79,8.64,33237,28980158.0,1.71,-1.48,-0.13,1.09
1352,2017-02-16,8.64,8.71,8.74,8.6,24378,21179438.0,1.62,0.69,0.06,0.8
1353,2017-02-17,8.71,8.68,8.83,8.59,42311,36853467.0,2.76,-0.34,-0.03,1.39
1354,2017-02-20,8.67,8.82,8.82,8.64,46942,41108135.0,2.07,1.61,0.14,1.54
1355,2017-02-21,8.85,8.79,8.86,8.71,93547,81977521.0,1.7,-0.34,-0.03,3.07
1356,2017-02-22,8.75,8.8,8.85,8.75,55701,49004158.0,1.14,0.11,0.01,1.83
1357,2017-02-23,8.8,8.8,8.85,8.72,43876,38552824.0,1.48,0.0,0.0,1.44
1358,2017-02-24,8.8,8.88,8.93,8.76,57941,51314371.0,1.93,0.91,0.08,1.9
1359,2017-02-27,8.85,8.75,8.99,8.68,67082,59570042.0,3.49,-1.46,-0.13,2.2
1360,2017-02-28,8.79,8.85,8.87,8.77,39395,34724659.0,1.14,1.14,0.1,1.29
1361,2017-03-01,8.81,8.92,8.97,8.5,58900,52202174.0,5.31,0.79,0.07,1.93
1362,2017-03-02,8.92,8.86,8.95,8.8,41595,36875740.0,1.68,-0.67,-0.06,1.37
1363,2017-03-03,8.86,8.87,8.89,8.77,32395,28613052.0,1.35,0.11,0.01,1.06
1364,2017-03-06,8.87,9.03,9.03,8.87,68515,61570132.0,1.8,1.8,0.16,2.25
1365,2017-03-07,9.03,9.04,9.06,9.0,46206,41746874.0,0.66,0.11,0.01,1.52
1366,2017-03-08,9.03,8.96,9.06,8.87,42957,38488152.0,2.1,-0.88,-0.08,1.41
1367,2017-03-09,8.96,9.08,9.16,8.85,52290,46992337.0,3.46,1.34,0.12,1.72
1368,2017-03-10,9.04,8.96,9.11,8.93,38240,34455519.0,1.98,-1.32,-0.12,1.25
1369,2017-03-13,8.96,8.95,8.98,8.82,39759,35359067.0,1.79,-0.11,-0.01,1.3
1370,2017-03-14,8.99,8.8,9.0,8.79,41697,37005684.0,2.35,-1.68,-0.15,1.37
1371,2017-03-15,8.81,8.82,8.85,8.75,19193,16896726.0,1.14,0.23,0.02,0.63
1372,2017-03-16,8.83,8.87,8.91,8.81,41342,36668693.0,1.13,0.57,0.05,1.36
1373,2017-03-17,8.86,8.78,8.92,8.72,52931,46768373.0,2.25,-1.01,-0.09,1.74
1374,2017-03-20,8.76,8.81,8.85,8.68,50776,44463321.0,1.94,0.34,0.03,1.67
1375,2017-03-21,8.8,8.86,8.87,8.77,33651,29717305.0,1.14,0.57,0.05,1.1
1376,2017-03-22,8.83,8.85,8.89,8.76,46998,41511549.0,1.47,-0.11,-0.01,1.54
1377,2017-03-23,8.83,8.73,8.84,8.67,51057,44708551.0,1.92,-1.36,-0.12,1.68
1378,2017-03-24,8.72,8.68,8.74,8.58,51195,44228786.0,1.83,-0.57,-0.05,1.68
1379,2017-03-27,8.67,8.54,8.7,8.52,52750,45416130.0,2.07,-1.61,-0.14,1.73
1380,2017-03-28,8.54,8.61,8.67,8.52,37668,32426002.0,1.76,0.82,0.07,1.24
1381,2017-03-29,8.63,8.5,8.65,8.46,32316,27716386.0,2.21,-1.28,-0.11,1.06
1382,2017-03-30,8.5,8.24,8.53,8.22,56108,46606170.0,3.65,-3.06,-0.26,1.84
1383,2017-03-31,8.27,8.26,8.32,8.17,49015,40396139.0,1.82,0.24,0.02,1.61
1384,2017-04-05,8.28,8.4,8.43,8.26,49792,41572194.0,2.06,1.69,0.14,1.63
1385,2017-04-06,8.37,8.43,8.46,8.37,41848,35233449.0,1.07,0.36,0.03,1.37
1386,2017-04-07,8.44,8.41,8.45,8.36,26633,22372044.0,1.07,-0.24,-0.02,0.87
1387,2017-04-10,8.31,8.41,8.51,8.28,63034,53074496.0,2.73,0.0,0.0,2.07
1388,2017-04-11,8.38,8.48,8.48,8.27,33350,28015033.0,2.5,0.83,0.07,1.09
1389,2017-04-12,8.45,8.36,8.45,8.27,31559,26385792.0,2.12,-1.42,-0.12,1.04
1390,2017-04-13,8.37,8.43,8.45,8.32,31441,26454849.0,1.56,0.84,0.07,1.03
1391,2017-04-14,8.44,8.24,8.45,8.2,39026,32371670.0,2.97,-2.25,-0.19,1.28
1392,2017-04-17,8.24,8.17,8.3,8.07,38805,31700910.0,2.79,-0.85,-0.07,1.27
1393,2017-04-18,8.15,7.99,8.24,7.92,38229,30921252.0,3.92,-2.2,-0.18,1.25
1394,2017-04-19,7.95,7.81,7.98,7.75,37237,29110944.0,2.88,-2.25,-0.18,1.22
1395,2017-04-20,7.81,7.59,7.88,7.52,44495,34098529.0,4.61,-2.82,-0.22,1.46
1396,2017-04-21,7.61,7.59,7.67,7.57,27438,20901773.0,1.32,0.0,0.0,0.9
1397,2017-04-24,7.6,7.37,7.69,7.29,30234,22573333.0,5.27,-2.9,-0.22,0.99
1398,2017-04-25,7.28,7.37,7.44,7.25,23918,17584982.0,2.58,0.0,0.0,0.78
1399,2017-04-26,7.36,7.34,7.39,7.32,20109,14787544.0,0.95,-0.41,-0.03,0.66
1400,2017-04-27,7.34,7.37,7.38,7.0,36509,26357008.0,5.18,0.41,0.03,1.2
1401,2017-04-28,7.33,7.45,7.45,7.32,27603,20419235.0,1.76,1.09,0.08,0.91
1402,2017-05-02,7.45,7.46,7.52,7.39,23779,17738053.0,1.74,0.13,0.01,0.78
1403,2017-05-03,7.47,7.49,7.55,7.43,24126,18041232.0,1.61,0.4,0.03,0.79
1404,2017-05-04,7.47,7.45,7.55,7.45,28364,21239502.0,1.34,-0.53,-0.04,0.93
1405,2017-05-05,7.45,7.2,7.45,7.17,35757,26245479.0,3.76,-3.36,-0.25,1.17
1406,2017-05-08,7.2,7.03,7.2,7.01,43571,30773402.0,2.64,-2.36,-0.17,1.43
1407,2017-05-09,7.03,7.11,7.12,6.92,35698,25089834.0,2.84,1.14,0.08,1.17
1408,2017-05-10,7.08,6.89,7.15,6.88,23037,16216084.0,3.8,-3.09,-0.22,0.76
1409,2017-05-11,6.88,6.79,6.88,6.6,44654,30059490.0,4.06,-1.45,-0.1,1.47
1410,2017-05-12,6.78,6.71,6.78,6.66,22064,14819767.0,1.77,-1.18,-0.08,0.72
1411,2017-05-15,6.73,6.71,6.77,6.65,35822,23973174.0,1.79,0.0,0.0,1.18
1412,2017-05-16,6.69,6.95,6.97,6.62,49899,33696719.0,5.22,3.58,0.24,1.64
1413,2017-05-17,6.93,7.04,7.08,6.87,33530,23501595.0,3.02,1.29,0.09,1.1
1414,2017-05-18,7.02,7.06,7.11,6.92,28982,20400475.0,2.7,0.28,0.02,0.95
1415,2017-05-19,7.06,7.02,7.09,6.98,15593,10961394.0,1.56,-0.57,-0.04,0.51
1416,2017-05-22,7.0,6.78,7.04,6.7,22066,15172957.0,4.84,-3.42,-0.24,0.72
1417,2017-05-23,6.71,6.54,6.76,6.51,30720,20470142.0,3.69,-3.54,-0.24,1.01
1418,2017-05-24,6.41,6.64,6.65,6.41,18414,12119458.0,3.67,1.53,0.1,0.6
1419,2017-05-25,6.6,6.7,6.75,6.48,23859,15811956.0,4.07,0.9,0.06,0.78
1420,2017-05-26,6.65,6.68,6.77,6.65,17526,11777631.0,1.79,-0.3,-0.02,0.58
1421,2017-05-31,6.75,6.69,6.84,6.67,15270,10318618.0,2.54,0.15,0.01,0.5
1422,2017-06-01,6.73,6.59,6.74,6.47,16272,10752260.0,4.04,-1.49,-0.1,0.53
1423,2017-06-02,6.57,6.7,6.76,6.45,27724,18303847.0,4.7,1.67,0.11,0.91
1424,2017-06-05,6.72,6.76,6.78,6.67,19690,13275078.0,1.64,0.9,0.06,0.65
1425,2017-06-06,6.75,6.76,6.78,6.69,20082,13530213.0,1.33,0.0,0.0,0.66
1426,2017-06-07,6.76,6.91,6.93,6.71,28204,19320973.0,3.25,2.22,0.15,0.93
1427,2017-06-08,6.91,6.85,6.96,6.83,19856,13697741.0,1.88,-0.87,-0.06,0.65
1428,2017-06-09,6.86,6.81,6.9,6.74,26976,18301497.0,2.34,-0.58,-0.04,0.89
1429,2017-06-12,6.77,6.6,6.8,6.58,28142,18703624.0,3.23,-3.08,-0.21,0.92
1430,2017-06-13,6.6,6.72,6.73,6.52,23392,15643670.0,3.18,1.82,0.12,0.77
1431,2017-06-14,6.71,6.72,6.78,6.67,17287,11617740.0,1.64,0.0,0.0,0.57
1432,2017-06-15,6.76,6.88,6.96,6.73,41692,28684375.0,3.42,2.38,0.16,1.37
1433,2017-06-16,6.92,6.86,6.96,6.84,28792,19794770.0,1.74,-0.29,-0.02,0.94
1434,2017-06-19,6.86,6.9,6.93,6.83,20593,14172340.0,1.46,0.58,0.04,0.68
1435,2017-06-20,6.9,6.88,6.95,6.88,27630,19111696.0,1.01,-0.29,-0.02,0.91
1436,2017-06-21,6.88,6.91,6.94,6.83,18800,12943359.0,1.6,0.44,0.03,0.62
1437,2017-06-22,6.91,6.69,6.91,6.62,42083,28691265.0,4.2,-3.18,-0.22,1.38
1438,2017-06-23,6.76,6.64,6.76,6.54,45874,30445784.0,3.29,-0.75,-0.05,1.51
1439,2017-06-26,6.66,6.72,6.72,6.52,44409,29500376.0,3.01,1.2,0.08,1.46
1440,2017-06-27,6.71,6.73,6.76,6.67,31891,21437916.0,1.34,0.15,0.01,1.05
1441,2017-06-28,6.7,6.64,6.7,6.62,22884,15212997.0,1.19,-1.34,-0.09,0.75
1442,2017-06-29,6.66,6.69,6.72,6.64,18580,12418471.0,1.2,0.75,0.05,0.61
1443,2017-06-30,6.67,6.71,6.72,6.63,20514,13720512.0,1.35,0.3,0.02,0.67
1444,2017-07-03,6.73,6.86,6.91,6.68,49031,33394859.0,3.43,2.24,0.15,1.61
1445,2017-07-04,6.84,6.79,6.87,6.75,25349,17241495.0,1.75,-1.02,-0.07,0.83
1446,2017-07-05,6.79,6.85,6.87,6.79,26794,18316583.0,1.18,0.88,0.06,0.88
1447,2017-07-06,6.85,6.9,6.9,6.78,39648,27122550.0,1.75,0.73,0.05,1.3
1448,2017-07-07,6.86,6.88,6.9,6.82,20426,14007551.0,1.16,-0.29,-0.02,0.67
1449,2017-07-10,6.87,6.84,6.88,6.83,29283,20079205.0,0.73,-0.58,-0.04,0.96
1450,2017-07-11,6.82,6.82,6.91,6.81,22416,15348612.0,1.46,-0.29,-0.02,0.74
1451,2017-07-12,6.8,6.79,6.85,6.66,29006,19594097.0,2.79,-0.44,-0.03,0.95
1452,2017-07-13,6.79,6.82,6.84,6.79,21695,14781045.0,0.74,0.44,0.03,0.71
1453,2017-07-14,6.82,6.82,6.97,6.81,45264,31152328.0,2.35,0.0,0.0,1.49
1454,2017-07-17,6.82,6.35,6.82,6.35,62004,40635029.0,6.89,-6.89,-0.47,2.03
1455,2017-07-18,6.3,6.37,6.43,6.26,32158,20342408.0,2.68,0.31,0.02,1.06
1456,2017-07-19,6.38,6.44,6.46,6.33,26295,16804400.0,2.04,1.1,0.07,0.86
1457,2017-07-20,6.43,6.46,6.56,6.4,21969,14252439.0,2.48,0.31,0.02,0.72
1458,2017-07-21,6.42,6.44,6.5,6.38,24453,15748080.0,1.86,-0.31,-0.02,0.8
1459,2017-07-24,6.45,6.51,6.52,6.36,26906,17400900.0,2.48,1.09,0.07,0.88
1460,2017-07-25,6.51,6.58,6.69,6.5,33350,22025344.0,2.92,1.08,0.07,1.09
1461,2017-07-26,6.56,6.6,6.61,6.52,18187,11943755.0,1.37,0.3,0.02,0.6
1462,2017-07-27,6.6,6.81,6.88,6.52,65224,44097483.0,5.45,3.18,0.21,2.14
1463,2017-07-28,6.8,6.74,6.84,6.72,31775,21507926.0,1.76,-1.03,-0.07,1.04
1464,2017-07-31,6.71,6.77,6.82,6.7,27639,18680129.0,1.78,0.45,0.03,0.91
1465,2017-08-01,6.8,6.82,6.84,6.74,26039,17703278.0,1.48,0.74,0.05,0.85
1466,2017-08-02,6.79,7.22,7.5,6.78,210736,151928758.0,10.56,5.87,0.4,6.92
1467,2017-08-03,7.24,7.37,7.65,7.24,177550,132259462.0,5.68,2.08,0.15,5.83
1468,2017-08-04,7.37,7.69,7.76,7.24,181207,136928458.0,7.06,4.34,0.32,5.95
1469,2017-08-07,7.6,7.59,7.84,7.48,80709,61463096.0,4.68,-1.3,-0.1,2.65
1470,2017-08-08,7.5,7.45,7.63,7.36,81119,60555418.0,3.56,-1.84,-0.14,2.66
1471,2017-08-09,7.46,7.54,7.64,7.37,90442,67964324.0,3.62,1.21,0.09,2.97
1472,2017-08-10,7.49,7.33,7.49,7.23,62223,45673319.0,3.45,-2.79,-0.21,2.04
1473,2017-08-11,7.29,7.17,7.37,7.05,50855,36766879.0,4.37,-2.18,-0.16,1.67
1474,2017-08-14,7.12,7.27,7.29,7.12,37342,27028705.0,2.37,1.39,0.1,1.23
1475,2017-08-15,7.23,7.25,7.27,7.15,26627,19203554.0,1.65,-0.28,-0.02,0.87
1476,2017-08-16,7.25,7.15,7.27,7.08,54200,38833735.0,2.62,-1.38,-0.1,1.78
1477,2017-08-17,7.15,7.23,7.24,7.05,48760,34867555.0,2.66,1.12,0.08,1.6
1478,2017-08-18,7.18,7.15,7.24,7.12,36283,26002086.0,1.66,-1.11,-0.08,1.19
1479,2017-08-21,7.15,7.17,7.2,7.11,28350,20277316.0,1.26,0.28,0.02,0.93
1480,2017-08-22,7.15,7.14,7.2,7.11,25639,18349670.0,1.26,-0.42,-0.03,0.84
1481,2017-08-23,7.14,7.03,7.16,7.01,37701,26663525.0,2.1,-1.54,-0.11,1.24
1482,2017-08-24,7.05,6.92,7.06,6.91,38003,26474723.0,2.13,-1.56,-0.11,1.25
1483,2017-08-25,6.92,7.03,7.03,6.89,39554,27526971.0,2.02,1.59,0.11,1.3
1484,2017-08-28,7.03,7.1,7.12,6.99,44939,31787152.0,1.85,1.0,0.07,1.47
1485,2017-08-29,7.11,7.07,7.14,7.0,50342,35572739.0,1.97,-0.42,-0.03,1.65
1486,2017-08-30,7.07,7.05,7.09,6.99,32134,22612047.0,1.41,-0.28,-0.02,1.05
1487,2017-08-31,7.05,7.05,7.09,7.02,32965,23261484.0,0.99,0.0,0.0,1.08
1488,2017-09-01,7.05,7.1,7.11,7.02,48797,34480868.0,1.28,0.71,0.05,1.6
1489,2017-09-04,7.1,7.34,7.38,7.08,122406,88353382.0,4.23,3.38,0.24,4.02
1490,2017-09-05,7.34,7.39,7.64,7.34,133909,100295485.0,4.09,0.68,0.05,4.39
1491,2017-09-06,7.41,7.35,7.43,7.24,54849,40091189.0,2.57,-0.54,-0.04,1.8
1492,2017-09-07,7.31,7.2,7.37,7.19,51256,37177234.0,2.45,-2.04,-0.15,1.68
1493,2017-09-08,7.17,7.21,7.25,7.17,23455,16900426.0,1.11,0.14,0.01,0.77
1494,2017-09-11,7.18,7.28,7.28,7.18,32409,23489792.0,1.39,0.97,0.07,1.06
1495,2017-09-12,7.28,7.2,7.3,7.18,46159,33441844.0,1.65,-1.1,-0.08,1.51
1496,2017-09-13,7.17,7.33,7.33,7.17,38019,27551009.0,2.22,1.81,0.13,1.25
1497,2017-09-14,7.33,7.3,7.38,7.23,32217,23579541.0,2.05,-0.41,-0.03,1.06
1498,2017-09-15,7.28,7.31,7.36,7.22,32557,23732956.0,1.92,0.14,0.01,1.07
1499,2017-09-18,7.3,7.37,7.37,7.27,27631,20272646.0,1.37,0.82,0.06,0.91
1500,2017-09-19,7.37,7.27,7.37,7.25,21944,16053974.0,1.63,-1.36,-0.1,0.72
1501,2017-09-20,7.27,7.41,7.42,7.27,50876,37519781.0,2.06,1.93,0.14,1.67
1502,2017-09-21,7.4,7.34,7.45,7.34,30123,22295255.0,1.48,-0.94,-0.07,0.99
1503,2017-09-22,7.33,7.27,7.34,7.21,19897,14458223.0,1.77,-0.95,-0.07,0.65
1504,2017-09-25,7.24,7.11,7.32,7.08,26610,19113981.0,3.3,-2.2,-0.16,0.87
1505,2017-09-26,7.11,7.06,7.16,7.03,18111,12830128.0,1.83,-0.7,-0.05,0.59
1506,2017-09-27,7.05,7.14,7.18,7.05,20238,14423484.0,1.84,1.13,0.08,0.66
1507,2017-09-28,7.12,7.08,7.15,7.07,16529,11742524.0,1.12,-0.84,-0.06,0.54
1508,2017-09-29,7.1,7.12,7.14,7.08,16513,11739872.0,0.85,0.56,0.04,0.54
1509,2017-10-09,7.16,7.24,7.27,7.13,26597,19178754.0,1.97,1.69,0.12,0.87
1510,2017-10-10,7.24,7.39,7.41,7.24,40294,29659972.0,2.35,2.07,0.15,1.32
1511,2017-10-11,7.4,7.38,7.44,7.32,31079,22947557.0,1.62,-0.14,-0.01,1.02
1512,2017-10-12,7.37,7.33,7.41,7.26,18959,13899766.0,2.03,-0.68,-0.05,0.62
1513,2017-10-13,7.41,7.49,7.58,7.35,51062,38180789.0,3.14,2.18,0.16,1.68
1514,2017-10-16,7.46,7.26,7.53,7.25,31110,22856524.0,3.74,-3.07,-0.23,1.02
1515,2017-10-17,7.25,7.32,7.36,7.23,16473,12044928.0,1.79,0.83,0.06,0.54
1516,2017-10-18,7.32,7.22,7.35,7.17,19866,14432881.0,2.46,-1.37,-0.1,0.65
1517,2017-10-19,7.2,7.12,7.26,7.11,19855,14238053.0,2.08,-1.39,-0.1,0.65
1518,2017-10-20,7.12,7.19,7.22,7.11,14466,10381198.0,1.54,0.98,0.07,0.47
1519,2017-10-23,7.21,7.23,7.24,7.16,17826,12840637.0,1.11,0.56,0.04,0.59
1520,2017-10-24,7.19,7.13,7.22,7.12,19362,13847704.0,1.38,-1.38,-0.1,0.64
1521,2017-10-25,7.16,7.22,7.23,7.13,23731,16996110.0,1.4,1.26,0.09,0.78
1522,2017-10-26,7.2,7.24,7.27,7.17,31020,22401200.0,1.39,0.28,0.02,1.02
1523,2017-10-27,7.26,7.3,7.31,7.18,36281,26361822.0,1.8,0.83,0.06,1.19
1524,2017-10-30,7.3,7.13,7.4,7.09,40387,29109807.0,4.25,-2.33,-0.17,1.33
1525,2017-10-31,7.14,7.17,7.18,7.08,21869,15586759.0,1.4,0.56,0.04,0.72
1526,2017-11-01,7.17,7.12,7.18,7.09,24056,17153832.0,1.26,-0.7,-0.05,0.79
1527,2017-11-02,7.1,6.87,7.12,6.83,33521,23320252.0,4.07,-3.51,-0.25,1.1
1528,2017-11-03,6.91,6.77,6.93,6.71,23746,16197193.0,3.2,-1.46,-0.1,0.78
1529,2017-11-06,6.78,6.74,6.81,6.54,46781,31160243.0,3.99,-0.44,-0.03,1.54
1530,2017-11-07,6.71,6.73,6.75,6.66,34625,23209837.0,1.34,-0.15,-0.01,1.14
1531,2017-11-08,6.7,6.82,6.86,6.69,35434,24145122.0,2.53,1.34,0.09,1.16
1532,2017-11-09,6.83,6.89,6.91,6.79,25402,17406153.0,1.76,1.03,0.07,0.83
1533,2017-11-10,6.9,6.81,6.9,6.81,23868,16350318.0,1.31,-1.16,-0.08,0.78
1534,2017-11-13,6.81,6.84,6.9,6.78,32475,22177871.0,1.76,0.44,0.03,1.07
1535,2017-11-14,6.8,6.75,6.83,6.71,29525,19950701.0,1.75,-1.32,-0.09,0.97
1536,2017-11-15,6.72,6.71,6.78,6.68,18477,12416248.0,1.48,-0.59,-0.04,0.61
1537,2017-11-16,6.7,6.62,6.73,6.6,36722,24437872.0,1.94,-1.34,-0.09,1.21
1538,2017-11-17,6.62,6.37,6.64,6.34,52425,33916434.0,4.53,-3.78,-0.25,1.72
1539,2017-11-20,6.38,6.46,6.48,6.29,24617,15733333.0,2.98,1.41,0.09,0.81
1540,2017-11-21,6.46,6.36,6.48,6.31,31541,20146240.0,2.63,-1.55,-0.1,1.04
1541,2017-11-22,6.37,6.38,6.41,6.32,46790,29761673.0,1.42,0.31,0.02,1.54
1542,2017-11-23,6.35,6.31,6.38,6.31,31531,20018546.0,1.1,-1.1,-0.07,1.03
1543,2017-11-24,6.31,6.32,6.37,6.29,16739,10592071.0,1.27,0.16,0.01,0.55
1544,2017-11-27,6.32,6.24,6.33,6.21,17188,10771434.0,1.9,-1.27,-0.08,0.56
1545,2017-11-28,6.24,6.35,6.36,6.24,14392,9074970.0,1.92,1.76,0.11,0.47
1546,2017-11-29,6.34,6.36,6.38,6.25,17922,11327952.0,2.05,0.16,0.01,0.59
1547,2017-11-30,6.35,6.37,6.43,6.33,18381,11734929.0,1.57,0.16,0.01,0.6
1548,2017-12-01,6.4,6.43,6.46,6.36,20212,12992780.0,1.57,0.94,0.06,0.66
1549,2017-12-04,6.42,6.33,6.42,6.3,17712,11264229.0,1.87,-1.56,-0.1,0.58
1550,2017-12-05,6.33,6.14,6.35,6.08,33862,21057162.0,4.27,-3.0,-0.19,1.11
1551,2017-12-06,6.14,6.16,6.17,6.03,23047,14027892.0,2.28,0.33,0.02,0.76
1552,2017-12-07,6.13,6.17,6.21,6.1,15510,9553005.0,1.79,0.16,0.01,0.51
1553,2017-12-08,6.17,6.23,6.26,6.13,17445,10850074.0,2.11,0.97,0.06,0.57
1554,2017-12-11,6.23,6.26,6.27,6.21,15937,9944812.0,0.96,0.48,0.03,0.52
1555,2017-12-12,6.26,6.16,6.28,6.15,16139,9993380.0,2.08,-1.6,-0.1,0.53
1556,2017-12-13,6.16,6.21,6.22,6.14,9279,5740155.0,1.3,0.81,0.05,0.3
1557,2017-12-14,6.21,6.23,6.27,6.15,11692,7242476.0,1.93,0.32,0.02,0.38
1558,2017-12-15,6.24,6.22,6.25,6.18,11437,7108101.0,1.12,-0.16,-0.01,0.38
1559,2017-12-18,6.24,6.21,6.26,6.18,10123,6294416.0,1.29,-0.16,-0.01,0.33
1560,2017-12-19,6.22,6.14,6.25,6.14,31763,19657578.0,1.77,-1.13,-0.07,1.04
1561,2017-12-20,5.62,5.53,5.81,5.53,266851,149622471.0,4.56,-9.93,-0.61,8.76
1562,2017-12-21,5.35,5.26,5.35,5.16,233330,122535481.0,3.44,-4.88,-0.27,7.66
1563,2017-12-22,5.21,5.2,5.26,5.18,116674,60963626.0,1.52,-1.14,-0.06,3.83
1564,2017-12-25,5.21,4.92,5.21,4.87,160963,80573171.0,6.54,-5.38,-0.28,5.28
1565,2017-12-26,4.88,4.87,4.89,4.73,162965,78343343.0,3.25,-1.02,-0.05,5.35
1566,2017-12-27,4.85,4.88,4.96,4.81,105376,51518385.0,3.08,0.21,0.01,3.46
1567,2017-12-28,4.86,4.95,5.02,4.83,95074,47060048.0,3.89,1.43,0.07,3.12
1568,2017-12-29,4.94,5.06,5.09,4.91,98265,49122300.0,3.64,2.22,0.11,3.22
1569,2018-01-02,5.05,5.08,5.09,4.99,59631,30109164.0,1.98,0.4,0.02,1.96
1570,2018-01-03,5.18,5.16,5.21,5.07,98643,50761863.0,2.76,1.57,0.08,3.24
1571,2018-01-04,5.12,5.15,5.19,5.12,43469,22376681.0,1.36,-0.19,-0.01,1.43
1572,2018-01-05,5.13,5.15,5.17,5.11,45590,23441396.0,1.17,0.0,0.0,1.5
1573,2018-01-08,5.15,5.14,5.16,5.1,51542,26413989.0,1.17,-0.19,-0.01,1.69
1574,2018-01-09,5.13,5.14,5.19,5.11,46140,23746253.0,1.56,0.0,0.0,1.51
1575,2018-01-10,5.16,5.04,5.16,5.01,52456,26643072.0,2.92,-1.95,-0.1,1.72
1576,2018-01-11,5.05,5.08,5.1,4.98,52034,26210603.0,2.38,0.79,0.04,1.71
1577,2018-01-12,5.08,5.04,5.1,5.02,45915,23204491.0,1.57,-0.79,-0.04,1.51
1578,2018-01-15,5.04,4.82,5.05,4.8,62257,30490004.0,4.96,-4.37,-0.22,2.04
1579,2018-01-16,4.81,4.86,4.93,4.79,44909,21870868.0,2.9,0.83,0.04,1.47
1580,2018-01-17,4.87,4.9,4.94,4.8,55847,27204148.0,2.88,0.82,0.04,1.83
1581,2018-01-18,4.89,4.97,5.03,4.87,72451,36002890.0,3.27,1.43,0.07,2.38
1582,2018-01-19,4.97,4.96,5.04,4.93,56430,28124957.0,2.21,-0.2,-0.01,1.85
1583,2018-01-22,4.95,5.06,5.07,4.93,70550,35388965.0,2.82,2.02,0.1,2.32
1584,2018-01-23,5.07,5.13,5.15,5.03,64978,33133352.0,2.37,1.38,0.07,2.13
1585,2018-01-24,5.14,5.1,5.14,5.03,90144,45936073.0,2.14,-0.58,-0.03,2.96
1586,2018-01-25,5.09,5.3,5.49,5.07,182312,96344607.0,8.24,3.92,0.2,5.98
1587,2018-01-26,5.29,5.22,5.35,5.2,86385,45446407.0,2.83,-1.51,-0.08,2.83
1588,2018-01-29,5.21,5.18,5.26,5.1,79236,40995411.0,3.07,-0.77,-0.04,2.6
1589,2018-01-30,5.17,5.22,5.25,5.13,71061,36871380.0,2.32,0.77,0.04,2.33
1590,2018-01-31,5.28,5.2,5.32,5.13,104257,54442041.0,3.64,-0.38,-0.02,3.42
1591,2018-02-01,5.23,4.94,5.23,4.83,118140,58960554.0,7.69,-5.0,-0.26,3.88
1592,2018-02-02,4.89,4.87,4.95,4.77,67099,32731810.0,3.64,-1.42,-0.07,2.2
1593,2018-02-05,4.78,4.81,4.86,4.71,51736,24908832.0,3.08,-1.23,-0.06,1.7
1594,2018-02-06,4.72,4.48,4.76,4.46,74558,34747650.0,6.24,-6.86,-0.33,2.45
1595,2018-02-07,4.55,4.61,4.67,4.44,65077,29740200.0,5.13,2.9,0.13,2.14
1596,2018-02-08,4.68,4.87,4.92,4.59,91336,43806377.0,7.16,5.64,0.26,3.0
1597,2018-02-09,4.75,4.77,4.87,4.7,69441,33233871.0,3.49,-2.05,-0.1,2.28
1598,2018-02-12,4.8,4.88,4.91,4.79,47708,23256961.0,2.52,2.31,0.11,1.57
1599,2018-02-13,4.9,4.97,5.02,4.83,69352,34126243.0,3.89,1.84,0.09,2.28
1600,2018-02-14,4.94,4.93,4.97,4.88,44462,21883945.0,1.81,-0.8,-0.04,1.46
1601,2018-02-22,4.97,4.94,4.98,4.9,49371,24375630.0,1.62,0.2,0.01,1.62
1602,2018-02-23,4.94,4.99,5.0,4.9,47350,23425344.0,2.02,1.01,0.05,1.55
1603,2018-02-26,5.0,5.07,5.11,4.99,75642,38325468.0,2.4,1.6,0.08,2.48
1604,2018-02-27,5.04,5.09,5.12,5.03,52852,26803868.0,1.78,0.39,0.02,1.73
1605,2018-02-28,5.1,5.2,5.22,5.05,92219,47539715.0,3.34,2.16,0.11,3.03
1606,2018-03-01,5.17,5.44,5.54,5.17,124919,67307620.0,7.12,4.62,0.24,4.1
1607,2018-03-02,5.36,5.36,5.44,5.31,66336,35620090.0,2.39,-1.47,-0.08,2.18
1608,2018-03-05,5.35,5.41,5.42,5.32,49545,26629514.0,1.87,0.93,0.05,1.63
1609,2018-03-06,5.37,5.35,5.41,5.26,79711,42478979.0,2.77,-1.11,-0.06,2.62
1610,2018-03-07,5.32,5.33,5.35,5.22,59384,31349308.0,2.43,-0.37,-0.02,1.95
1611,2018-03-08,5.3,5.44,5.44,5.27,70235,37738605.0,3.19,2.06,0.11,2.3
1612,2018-03-09,5.4,5.53,5.55,5.39,63921,35020381.0,2.94,1.65,0.09,2.1
1613,2018-03-12,5.52,5.57,5.74,5.48,84580,47389651.0,4.7,0.72,0.04,2.78
1614,2018-03-13,5.54,5.53,5.59,5.48,52088,28830252.0,1.97,-0.72,-0.04,1.71
1615,2018-03-14,5.51,5.55,5.57,5.47,54043,29869627.0,1.81,0.36,0.02,1.77
1616,2018-03-15,5.52,5.36,5.54,5.31,73078,39348982.0,4.14,-3.42,-0.19,2.4
1617,2018-03-16,5.36,5.34,5.4,5.31,27226,14618629.0,1.68,-0.37,-0.02,0.89
1618,2018-03-19,5.35,5.37,5.43,5.31,37609,20249004.0,2.25,0.56,0.03,1.23
1619,2018-03-20,5.3,5.41,5.45,5.23,50300,26906072.0,4.1,0.74,0.04,1.65
1620,2018-03-21,5.41,5.41,5.47,5.34,57153,30997203.0,2.4,0.0,0.0,1.88
1621,2018-03-22,5.4,5.35,5.44,5.35,46468,25040729.0,1.66,-1.11,-0.06,1.52
1622,2018-03-23,5.21,5.05,5.24,4.99,74296,38240394.0,4.67,-5.61,-0.3,2.44
1623,2018-03-26,4.98,5.16,5.17,4.95,29545,14980485.0,4.36,2.18,0.11,0.97
1624,2018-03-27,5.18,5.33,5.43,5.18,36004,19144993.0,4.84,3.29,0.17,1.18
1625,2018-03-28,5.3,5.31,5.38,5.26,26384,14051598.0,2.25,-0.38,-0.02,0.87
1626,2018-03-29,5.31,5.37,5.38,5.31,21716,11614216.0,1.32,1.13,0.06,0.71
1627,2018-03-30,5.39,5.48,5.5,5.39,36878,20099264.0,2.05,2.05,0.11,1.21
1628,2018-04-02,5.46,5.45,5.52,5.42,37667,20586814.0,1.82,-0.55,-0.03,1.24
1629,2018-04-03,5.41,5.41,5.44,5.33,30398,16366317.0,2.02,-0.73,-0.04,1.0
1630,2018-04-04,5.41,5.35,5.45,5.34,22724,12259909.0,2.03,-1.11,-0.06,0.75
1631,2018-04-09,5.32,5.29,5.34,5.2,37230,19654649.0,2.62,-1.12,-0.06,1.22
1632,2018-04-10,5.29,5.43,5.48,5.26,54151,28969798.0,4.16,2.65,0.14,1.78
1633,2018-04-11,5.44,5.54,5.58,5.44,64859,35776631.0,2.58,2.03,0.11,2.13
1634,2018-04-12,5.54,5.63,5.77,5.52,94405,53236445.0,4.51,1.62,0.09,3.1
1635,2018-04-13,5.7,5.63,5.77,5.57,72963,41240256.0,3.55,0.0,0.0,2.39
1636,2018-04-16,5.66,5.53,5.66,5.41,66623,36931267.0,4.44,-1.78,-0.1,2.19
1637,2018-04-17,5.53,5.41,5.58,5.39,51291,28124158.0,3.44,-2.17,-0.12,1.68
1638,2018-04-18,5.45,5.43,5.48,5.31,41093,22169808.0,3.14,0.37,0.02,1.35
1639,2018-04-19,5.42,5.46,5.47,5.41,31417,17081114.0,1.1,0.55,0.03,1.03
1640,2018-04-20,5.44,5.25,5.45,5.23,39831,21268309.0,4.03,-3.85,-0.21,1.31
1641,2018-04-23,5.26,5.27,5.31,5.21,26743,14066149.0,1.9,0.38,0.02,0.88
1642,2018-04-24,5.25,5.37,5.38,5.25,30585,16364072.0,2.47,1.9,0.1,1.0
1643,2018-04-25,5.34,5.38,5.43,5.31,30215,16252390.0,2.23,0.19,0.01,0.99
1644,2018-04-26,5.36,5.4,5.47,5.33,51126,27570581.0,2.6,0.37,0.02,1.68
1645,2018-04-27,5.42,5.38,5.48,5.32,42509,22830487.0,2.96,-0.37,-0.02,1.4
1646,2018-05-02,5.4,5.31,5.42,5.23,53119,28140364.0,3.53,-1.3,-0.07,1.74
1647,2018-05-03,5.31,5.37,5.37,5.18,50367,26622579.0,3.58,1.13,0.06,1.65
1648,2018-05-04,5.38,5.32,5.44,5.26,53158,28392181.0,3.35,-0.93,-0.05,1.74
1649,2018-05-07,5.39,5.39,5.42,5.32,74913,40305880.0,1.88,1.32,0.07,2.46
1650,2018-05-08,5.39,5.44,5.45,5.36,117496,63463856.0,1.67,0.93,0.05,3.86
1651,2018-05-09,5.44,5.54,5.55,5.4,131036,71733924.0,2.76,1.84,0.1,4.3
1652,2018-05-10,5.57,5.58,5.65,5.52,102212,56952018.0,2.35,0.72,0.04,3.35
1653,2018-05-11,5.62,5.51,5.62,5.48,91414,50758035.0,2.51,-1.25,-0.07,3.0
1654,2018-05-14,5.51,5.41,5.51,5.36,68131,37056536.0,2.72,-1.81,-0.1,2.24
1655,2018-05-15,5.42,5.55,5.56,5.36,93511,50981653.0,3.7,2.59,0.14,3.07
1656,2018-05-16,5.51,5.62,5.96,5.49,206890,117901641.0,8.47,1.26,0.07,6.79
1657,2018-05-17,5.64,5.76,5.76,5.57,159044,90067165.0,3.38,2.49,0.14,5.22
1658,2018-05-18,5.74,5.7,5.79,5.63,109529,62305954.0,2.78,-1.04,-0.06,3.59
1659,2018-05-21,5.74,5.85,5.95,5.7,154342,89946611.0,4.39,2.63,0.15,5.07
1660,2018-05-22,5.83,6.05,6.08,5.81,155293,92444783.0,4.62,3.42,0.2,5.1
1661,2018-05-23,6.05,5.92,6.05,5.85,120355,71723720.0,3.31,-2.15,-0.13,3.95
1662,2018-05-24,5.95,5.88,6.0,5.8,96177,56449844.0,3.38,-0.68,-0.04,3.16
1663,2018-05-25,5.76,5.59,5.81,5.56,93178,53044070.0,4.25,-4.93,-0.29,3.06
1664,2018-05-28,5.63,5.56,5.63,5.48,64667,35955761.0,2.68,-0.54,-0.03,2.12
1665,2018-05-29,5.57,5.46,5.62,5.45,80968,44677302.0,3.06,-1.8,-0.1,2.66
1666,2018-05-30,5.4,5.18,5.41,5.14,120236,63034749.0,4.95,-5.13,-0.28,3.95
1667,2018-05-31,5.21,5.21,5.26,5.11,72579,37660554.0,2.9,0.58,0.03,2.38
1668,2018-06-01,5.18,5.12,5.23,5.07,69874,35991433.0,3.07,-1.73,-0.09,2.29
1669,2018-06-04,5.16,5.16,5.19,5.1,41687,21424247.0,1.76,0.78,0.04,1.37
1670,2018-06-05,5.14,5.25,5.25,5.14,41873,21794333.0,2.13,1.74,0.09,1.37
1671,2018-06-06,5.25,5.23,5.26,5.2,24730,12904298.0,1.14,-0.38,-0.02,0.81
1672,2018-06-07,5.23,5.13,5.25,5.13,28702,14923545.0,2.29,-1.91,-0.1,0.94
1673,2018-06-08,5.13,5.0,5.14,4.98,51507,26004354.0,3.12,-2.53,-0.13,1.69
1674,2018-06-11,4.99,4.93,5.04,4.89,35648,17705648.0,3.0,-1.4,-0.07,1.17
1675,2018-06-12,4.93,4.99,5.0,4.86,31578,15627407.0,2.84,1.22,0.06,1.04
1676,2018-06-13,4.98,4.87,4.98,4.85,26376,12974124.0,2.61,-2.4,-0.12,0.87
1677,2018-06-14,4.84,5.0,5.05,4.82,48547,23883205.0,4.72,2.67,0.13,1.59
1678,2018-06-15,4.98,4.91,5.03,4.83,37878,18654007.0,4.0,-1.8,-0.09,1.24
1679,2018-06-19,4.86,4.51,4.86,4.42,53154,24475290.0,8.96,-8.15,-0.4,1.74
1680,2018-06-20,4.48,4.58,4.61,4.43,24323,11049133.0,3.99,1.55,0.07,0.8
1681,2018-06-21,4.57,4.45,4.64,4.45,32544,14776739.0,4.15,-2.84,-0.13,1.07
1682,2018-06-22,4.44,4.53,4.55,4.37,24746,11111856.0,4.04,1.8,0.08,0.81
1683,2018-06-25,4.56,4.5,4.61,4.5,24441,11155471.0,2.43,-0.66,-0.03,0.79
1684,2018-06-26,4.58,4.65,4.74,4.56,47921,22299053.0,4.0,3.33,0.15,1.55
1685,2018-06-27,4.63,4.6,4.67,4.57,38046,17574838.0,2.15,-1.08,-0.05,1.23
1686,2018-06-28,4.59,4.57,4.66,4.54,38736,17814567.0,2.61,-0.65,-0.03,1.25
1687,2018-06-29,4.57,4.69,4.73,4.57,30615,14311411.0,3.5,2.63,0.12,0.99
1688,2018-07-02,4.7,4.65,4.77,4.62,31960,15024126.0,3.2,-0.85,-0.04,1.03
1689,2018-07-03,4.65,4.73,4.73,4.58,34486,16067458.0,3.23,1.72,0.08,1.12
1690,2018-07-04,4.72,4.6,4.72,4.57,42427,19623672.0,3.17,-2.75,-0.13,1.37
1691,2018-07-05,4.6,4.5,4.62,4.49,27290,12384726.0,2.83,-2.17,-0.1,0.88
1692,2018-07-06,4.51,4.54,4.58,4.4,34602,15612793.0,4.0,0.89,0.04,1.12
1693,2018-07-09,4.58,4.67,4.68,4.56,30342,14045888.0,2.64,2.86,0.13,0.98
1694,2018-07-10,4.71,4.79,4.86,4.66,52749,25202021.0,4.28,2.57,0.12,1.71
1695,2018-07-11,4.75,4.72,4.75,4.6,37313,17472326.0,3.13,-1.46,-0.07,1.21
1696,2018-07-12,4.74,4.9,4.93,4.72,66748,32534387.0,4.45,3.81,0.18,2.16
1697,2018-07-13,4.89,4.94,4.94,4.84,37594,18427625.0,2.04,0.82,0.04,1.22
1698,2018-07-16,4.92,4.9,4.96,4.86,28314,13883414.0,2.02,-0.81,-0.04,0.92
1699,2018-07-17,4.92,4.92,4.92,4.85,28484,13927067.0,1.43,0.41,0.02,0.92
1700,2018-07-18,4.92,4.8,4.93,4.76,57695,28010958.0,3.46,-2.44,-0.12,1.87
1701,2018-07-19,4.79,4.75,4.86,4.72,44152,21147350.0,2.92,-1.04,-0.05,1.43
1702,2018-07-20,4.76,4.83,4.87,4.71,40420,19366494.0,3.37,1.68,0.08,1.31
1703,2018-07-23,4.81,4.89,4.91,4.78,39547,19194094.0,2.69,1.24,0.06,1.28
1704,2018-07-24,4.88,4.95,4.98,4.86,46544,23004154.0,2.45,1.23,0.06,1.51
1705,2018-07-25,4.95,4.94,5.0,4.92,34306,17025866.0,1.62,-0.2,-0.01,1.11
1706,2018-07-26,4.92,4.98,5.01,4.9,44523,22127026.0,2.23,0.81,0.04,1.44
1707,2018-07-27,4.98,4.98,5.02,4.94,32603,16287299.0,1.61,0.0,0.0,1.05
1708,2018-07-30,4.95,4.9,4.97,4.85,34639,16982464.0,2.41,-1.61,-0.08,1.12
1709,2018-07-31,4.89,4.93,4.96,4.85,22088,10871657.0,2.24,0.61,0.03,0.71
1710,2018-08-01,4.93,4.92,4.98,4.9,30779,15217476.0,1.62,-0.2,-0.01,1.0
1711,2018-08-02,4.89,4.72,4.9,4.52,46788,22095907.0,7.72,-4.07,-0.2,1.51
1712,2018-08-03,4.72,4.71,4.77,4.66,29088,13733583.0,2.33,-0.21,-0.01,0.94
1713,2018-08-06,4.68,4.64,4.78,4.59,24798,11613292.0,4.03,-1.49,-0.07,0.8
1714,2018-08-07,4.66,4.77,4.8,4.65,32226,15266432.0,3.23,2.8,0.13,1.04
1715,2018-08-08,5.25,5.25,5.25,5.25,58574,30751245.0,0.0,10.06,0.48,1.9
1716,2018-08-09,5.3,5.17,5.4,5.14,226207,118992309.0,4.95,-1.52,-0.08,7.32
1717,2018-08-10,5.01,5.06,5.14,5.0,130872,66249286.0,2.71,-2.13,-0.11,4.23
1718,2018-08-13,4.99,5.01,5.04,4.92,63384,31552328.0,2.37,-0.99,-0.05,2.05
1719,2018-08-14,4.96,5.0,5.05,4.95,49005,24447324.0,2.0,-0.2,-0.01,1.59
1720,2018-08-15,4.97,4.86,5.0,4.85,48069,23659879.0,3.0,-2.8,-0.14,1.56
1721,2018-08-16,4.75,4.75,4.83,4.66,46854,22261324.0,3.5,-2.26,-0.11,1.52
1722,2018-08-17,4.79,4.66,4.82,4.63,36450,17174540.0,4.0,-1.89,-0.09,1.18
1723,2018-08-20,4.65,4.72,4.76,4.62,28929,13517899.0,3.0,1.29,0.06,0.94
1724,2018-08-21,4.74,4.76,4.79,4.7,25720,12230679.0,1.91,0.85,0.04,0.83
1725,2018-08-22,4.76,4.7,4.77,4.67,20761,9776819.0,2.1,-1.26,-0.06,0.67
1726,2018-08-23,4.71,4.75,4.77,4.68,20347,9618991.0,1.91,1.06,0.05,0.66
1727,2018-08-24,4.74,4.71,4.75,4.68,16537,7797069.0,1.47,-0.84,-0.04,0.54
1728,2018-08-27,4.71,4.8,4.8,4.68,22030,10490167.0,2.55,1.91,0.09,0.71
1729,2018-08-28,4.78,4.79,4.8,4.73,30530,14538543.0,1.46,-0.21,-0.01,0.99
1730,2018-08-29,4.79,4.75,4.79,4.73,14855,7056965.0,1.25,-0.84,-0.04,0.48
1731,2018-08-30,4.76,4.63,4.77,4.63,30211,14147102.0,2.95,-2.53,-0.12,0.98
1732,2018-08-31,4.63,4.56,4.65,4.53,26197,11994451.0,2.59,-1.51,-0.07,0.85
1733,2018-09-03,4.55,4.57,4.59,4.46,25951,11758325.0,2.85,0.22,0.01,0.84
1734,2018-09-04,4.57,4.62,4.63,4.54,22951,10538384.0,1.97,1.09,0.05,0.74
1735,2018-09-05,4.57,4.54,4.63,4.53,22167,10129564.0,2.16,-1.73,-0.08,0.72
1736,2018-09-06,4.55,4.55,4.58,4.52,14958,6807630.0,1.32,0.22,0.01,0.48
1737,2018-09-07,4.54,4.56,4.64,4.53,17157,7866927.0,2.42,0.22,0.01,0.56
1738,2018-09-10,4.58,4.46,4.59,4.44,18460,8310538.0,3.29,-2.19,-0.1,0.6
1739,2018-09-11,4.46,4.53,4.54,4.44,15793,7092306.0,2.24,1.57,0.07,0.51
1740,2018-09-12,4.53,4.53,4.58,4.51,16433,7476155.0,1.55,0.0,0.0,0.53
1741,2018-09-13,4.59,4.59,4.6,4.51,23309,10642259.0,1.99,1.32,0.06,0.75
1742,2018-09-14,4.59,4.57,4.62,4.54,14720,6746293.0,1.74,-0.44,-0.02,0.48
1743,2018-09-17,4.56,4.48,4.56,4.48,11275,5083838.0,1.75,-1.97,-0.09,0.36
1744,2018-09-18,4.47,4.56,4.59,4.47,19038,8659957.0,2.68,1.79,0.08,0.62
1745,2018-09-19,4.55,4.62,4.65,4.53,31094,14305936.0,2.63,1.32,0.06,1.01
1746,2018-09-20,4.6,4.59,4.64,4.57,18948,8714462.0,1.52,-0.65,-0.03,0.61
1747,2018-09-21,4.58,4.65,4.66,4.56,24649,11358444.0,2.18,1.31,0.06,0.8
1748,2018-09-25,4.62,4.62,4.64,4.59,13273,6124424.0,1.08,-0.65,-0.03,0.43
1749,2018-09-26,4.63,4.67,4.73,4.63,31974,14957912.0,2.16,1.08,0.05,1.03
1750,2018-09-27,4.65,4.68,4.75,4.65,28189,13226873.0,2.14,0.21,0.01,0.91
1751,2018-09-28,4.69,4.71,4.72,4.68,18787,8832214.0,0.85,0.64,0.03,0.61
1752,2018-10-08,4.68,4.6,4.71,4.56,25045,11601677.0,3.18,-2.34,-0.11,0.81
1753,2018-10-09,4.63,4.67,4.7,4.6,22764,10568330.0,2.17,1.52,0.07,0.74
1754,2018-10-10,4.69,4.72,4.73,4.65,26758,12514635.0,1.71,1.07,0.05,0.87
1755,2018-10-11,4.64,4.5,4.66,4.4,52127,23519444.0,5.51,-4.66,-0.22,1.69
1756,2018-10-12,4.53,4.51,4.53,4.33,33331,14808285.0,4.44,0.22,0.01,1.08
1757,2018-10-15,4.51,4.47,4.54,4.37,26232,11718706.0,3.77,-0.89,-0.04,0.85
1758,2018-10-16,4.48,4.35,4.49,4.17,30594,13460742.0,7.16,-2.68,-0.12,0.99
1759,2018-10-17,4.38,4.36,4.43,4.27,25035,10858955.0,3.68,0.23,0.01,0.81
1760,2018-10-18,4.34,4.19,4.35,4.19,25666,10944893.0,3.67,-3.9,-0.17,0.83
1761,2018-10-19,4.16,4.23,4.26,4.1,25717,10764859.0,3.82,0.95,0.04,0.83
1762,2018-10-22,4.29,4.48,4.53,4.29,48379,21541437.0,5.67,5.91,0.25,1.57
1763,2018-10-23,4.45,4.4,4.48,4.38,22976,10191507.0,2.23,-1.79,-0.08,0.74
1764,2018-10-24,4.42,4.54,4.55,4.4,31301,14028953.0,3.41,3.18,0.14,1.01
1765,2018-10-25,4.46,4.67,4.72,4.42,61944,28533946.0,6.61,2.86,0.13,2.0
1766,2018-10-26,4.66,4.67,4.72,4.63,15536,7250786.0,1.93,0.0,0.0,0.5
1767,2018-10-29,4.66,4.56,4.67,4.52,19649,9000435.0,3.21,-2.36,-0.11,0.64
1768,2018-10-30,4.57,4.65,4.73,4.52,31278,14610237.0,4.61,1.97,0.09,1.01
1769,2018-10-31,4.69,4.76,4.81,4.66,34617,16471368.0,3.23,2.37,0.11,1.12
1770,2018-11-01,4.78,4.75,4.82,4.73,34447,16446048.0,1.89,-0.21,-0.01,1.11
1771,2018-11-02,4.78,4.9,4.96,4.78,54168,26416607.0,3.79,3.16,0.15,1.75
1772,2018-11-05,4.9,5.0,5.03,4.86,48469,23993376.0,3.47,2.04,0.1,1.57
1773,2018-11-06,5.04,5.05,5.11,4.93,39421,19824334.0,3.6,1.0,0.05,1.28
1774,2018-11-07,5.04,5.09,5.16,5.0,46958,23982442.0,3.17,0.79,0.04,1.52
1775,2018-11-08,5.09,5.03,5.15,4.99,28175,14307327.0,3.14,-1.18,-0.06,0.91
1776,2018-11-09,5.06,5.1,5.12,5.01,25950,13189058.0,2.19,1.39,0.07,0.84
1777,2018-11-12,5.09,5.14,5.18,5.03,27910,14302846.0,2.94,0.78,0.04,0.9
1778,2018-11-13,5.14,5.23,5.25,5.1,31479,16386070.0,2.92,1.75,0.09,1.02
1779,2018-11-14,5.24,5.25,5.3,5.2,23957,12569444.0,1.91,0.38,0.02,0.78
1780,2018-11-15,5.23,5.25,5.3,5.16,38417,20055590.0,2.67,0.0,0.0,1.24
1781,2018-11-16,5.25,5.41,5.45,5.25,40270,21535622.0,3.81,3.05,0.16,1.3
1782,2018-11-19,5.41,5.35,5.41,5.28,29266,15629127.0,2.4,-1.11,-0.06,0.95
1783,2018-11-20,5.35,5.21,5.35,5.2,37012,19446034.0,2.8,-2.62,-0.14,1.2
1784,2018-11-21,5.16,5.33,5.33,5.16,20149,10614226.0,3.26,2.3,0.12,0.65
1785,2018-11-22,5.34,5.4,5.43,5.25,30444,16313801.0,3.38,1.31,0.07,0.98
1786,2018-11-23,5.89,5.42,5.89,5.4,92300,51806127.0,9.07,0.37,0.02,2.99
1787,2018-11-26,5.02,5.24,5.4,5.02,48884,25756755.0,7.01,-3.32,-0.18,1.58
1788,2018-11-27,5.24,5.48,5.53,5.24,61686,33376482.0,5.53,4.58,0.24,2.0
1789,2018-11-28,5.45,5.48,5.58,5.42,38439,21131819.0,2.92,0.0,0.0,1.24
1790,2018-11-29,5.95,5.58,5.95,5.5,73468,41829487.0,8.21,1.82,0.1,2.38
1791,2018-11-30,5.48,5.53,5.63,5.42,36111,19883102.0,3.76,-0.9,-0.05,1.17
1792,2018-12-03,5.63,5.61,5.72,5.53,42338,23701526.0,3.44,1.45,0.08,1.37
1793,2018-12-04,5.6,5.55,5.63,5.51,22441,12502408.0,2.14,-1.07,-0.06,0.73
1794,2018-12-05,5.47,5.46,5.61,5.44,38150,21066644.0,3.06,-1.62,-0.09,1.23
1795,2018-12-06,5.47,5.35,5.49,5.35,26176,14177721.0,2.56,-2.01,-0.11,0.85
1796,2018-12-07,5.4,5.4,5.43,5.3,12427,6690857.0,2.43,0.93,0.05,0.4
1797,2018-12-10,5.4,5.25,5.4,5.18,24087,12665799.0,4.07,-2.78,-0.15,0.78
1798,2018-12-11,5.28,5.27,5.3,5.23,8914,4686576.0,1.33,0.38,0.02,0.29
1799,2018-12-12,5.33,5.31,5.36,5.26,9470,5022121.0,1.9,0.76,0.04,0.31
1800,2018-12-13,5.29,5.29,5.34,5.22,12454,6589033.0,2.26,-0.38,-0.02,0.4
1801,2018-12-14,5.25,5.29,5.31,5.21,14137,7429634.0,1.89,0.0,0.0,0.46
1802,2018-12-17,5.24,5.38,5.41,5.19,18356,9750360.0,4.16,1.7,0.09,0.59
1803,2018-12-18,5.35,5.41,5.42,5.31,9762,5248399.0,2.04,0.56,0.03,0.32
1804,2018-12-19,5.44,5.39,5.5,5.38,14392,7825561.0,2.22,-0.37,-0.02,0.47
1805,2018-12-20,5.36,5.39,5.42,5.3,11296,6053091.0,2.23,0.0,0.0,0.37
1806,2018-12-21,5.36,5.47,5.49,5.31,21409,11563952.0,3.34,1.48,0.08,0.69
1807,2018-12-24,5.46,5.58,5.6,5.42,27562,15310410.0,3.29,2.01,0.11,0.89
1808,2018-12-25,5.52,5.56,5.59,5.43,28792,15870732.0,2.87,-0.36,-0.02,0.93
1809,2018-12-26,5.52,5.54,5.61,5.5,21218,11776249.0,1.98,-0.36,-0.02,0.69
1810,2018-12-27,5.56,5.43,5.58,5.42,15750,8683960.0,2.89,-1.99,-0.11,0.51
1811,2018-12-28,5.43,5.5,5.52,5.38,16728,9140555.0,2.58,1.29,0.07,0.54
1812,2019-01-02,5.5,5.54,5.57,5.47,11602,6408709.0,1.82,0.73,0.04,0.37
1813,2019-01-03,5.54,5.42,5.59,5.42,11744,6466083.0,3.07,-2.17,-0.12,0.38
1814,2019-01-04,5.41,5.69,5.71,5.32,43669,24471281.0,7.2,4.98,0.27,1.41
1815,2019-01-07,5.81,5.83,5.89,5.72,38436,22281862.0,2.99,2.46,0.14,1.24
1816,2019-01-08,5.73,5.83,5.88,5.73,23008,13410091.0,2.57,0.0,0.0,0.74
1817,2019-01-09,5.85,5.8,5.93,5.74,23762,13891724.0,3.26,-0.51,-0.03,0.76
1818,2019-01-10,5.77,5.8,5.87,5.77,13389,7778437.0,1.72,0.0,0.0,0.43
1819,2019-01-11,5.78,5.9,5.9,5.77,13613,7938767.0,2.24,1.72,0.1,0.44
1820,2019-01-14,5.9,5.82,5.94,5.79,14839,8663819.0,2.54,-1.36,-0.08,0.48
1821,2019-01-15,5.82,5.85,5.87,5.79,13352,7782598.0,1.37,0.52,0.03,0.43
1822,2019-01-16,5.87,5.67,5.87,5.62,22514,12915055.0,4.27,-3.08,-0.18,0.72
1823,2019-01-17,5.72,5.49,5.75,5.46,38633,21638388.0,5.11,-3.17,-0.18,1.24
1824,2019-01-18,5.59,5.55,5.61,5.48,31257,17337815.0,2.37,1.09,0.06,1.01
1825,2019-01-21,5.62,5.61,5.65,5.51,19908,11147062.0,2.52,1.08,0.06,0.64
1826,2019-01-22,5.59,5.6,5.64,5.55,14989,8379813.0,1.6,-0.18,-0.01,0.48
1827,2019-01-23,5.57,5.52,5.59,5.52,13472,7468054.0,1.25,-1.43,-0.08,0.43
1828,2019-01-24,5.61,5.56,5.61,5.53,11489,6385046.0,1.45,0.72,0.04,0.37
1829,2019-01-25,5.54,5.57,5.63,5.51,13969,7779664.0,2.16,0.18,0.01,0.45
1830,2019-01-28,5.57,5.6,5.63,5.57,14306,8014078.0,1.08,0.54,0.03,0.46
1831,2019-01-29,5.59,5.58,5.7,5.5,22978,12819849.0,3.57,-0.36,-0.02,0.74
1832,2019-01-30,5.56,5.47,5.59,5.42,21478,11823872.0,3.05,-1.97,-0.11,0.69
1833,2019-01-31,5.41,5.43,5.5,5.36,17118,9294363.0,2.56,-0.73,-0.04,0.55
1834,2019-02-01,5.43,5.51,5.53,5.43,16895,9282606.0,1.84,1.47,0.08,0.54
1835,2019-02-11,5.52,5.54,5.56,5.49,26756,14789023.0,1.27,0.54,0.03,0.86
1836,2019-02-12,5.53,5.56,5.58,5.49,18021,9968846.0,1.62,0.36,0.02,0.58
1837,2019-02-13,5.54,5.58,5.59,5.52,34362,19090756.0,1.26,0.36,0.02,1.11
1838,2019-02-14,5.59,5.56,5.59,5.52,26842,14886338.0,1.25,-0.36,-0.02,0.86
1839,2019-02-15,5.58,5.69,5.78,5.54,58505,33074570.0,4.32,2.34,0.13,1.88
1840,2019-02-18,5.69,5.83,5.83,5.69,38036,21985376.0,2.46,2.46,0.14,1.22
1841,2019-02-19,5.88,5.81,5.88,5.73,30576,17750773.0,2.57,-0.34,-0.02,0.98
1842,2019-02-20,5.84,5.78,5.84,5.74,17650,10197453.0,1.72,-0.52,-0.03,0.57
1843,2019-02-21,5.76,5.8,5.83,5.71,32266,18695437.0,2.08,0.35,0.02,1.04
1844,2019-02-22,5.79,5.82,5.82,5.72,25197,14570679.0,1.72,0.34,0.02,0.81
1845,2019-02-25,5.84,6.06,6.06,5.79,76622,45536129.0,4.64,4.12,0.24,2.47
1846,2019-02-26,6.05,5.98,6.12,5.9,54532,32701412.0,3.63,-1.32,-0.08,1.76
1847,2019-02-27,5.98,5.94,6.05,5.93,44039,26353663.0,2.01,-0.67,-0.04,1.42
1848,2019-02-28,5.94,6.02,6.02,5.93,25129,15040770.0,1.52,1.35,0.08,0.81
1849,2019-03-01,6.1,6.28,6.32,6.07,68017,42143806.0,4.15,4.32,0.26,2.19
1850,2019-03-04,6.35,6.29,6.39,6.21,57324,36022416.0,2.87,0.16,0.01,1.85
1851,2019-03-05,6.29,6.3,6.31,6.23,33485,20997031.0,1.27,0.16,0.01,1.08
1852,2019-03-06,6.29,6.41,6.45,6.28,50800,32353392.0,2.7,1.75,0.11,1.64
1853,2019-03-07,6.42,6.46,6.49,6.36,37178,23840982.0,2.03,0.78,0.05,1.2
1854,2019-03-08,6.38,6.15,6.4,6.1,50471,31782294.0,4.64,-4.8,-0.31,1.62
1855,2019-03-11,6.21,6.4,6.4,6.19,35918,22626005.0,3.41,4.07,0.25,1.16
1856,2019-03-12,6.46,6.39,6.47,6.28,42275,26997863.0,2.97,-0.16,-0.01,1.36
1857,2019-03-13,6.41,6.3,6.45,6.28,28489,18084007.0,2.66,-1.41,-0.09,0.92
1858,2019-03-14,6.26,6.09,6.28,6.09,35542,21913572.0,3.02,-3.33,-0.21,1.14
1859,2019-03-15,6.11,6.17,6.22,6.11,19175,11850046.0,1.81,1.31,0.08,0.62
1860,2019-03-18,6.25,6.32,6.33,6.15,25691,16062016.0,2.92,2.43,0.15,0.83
1861,2019-03-19,6.35,6.28,6.35,6.26,19176,12071168.0,1.42,-0.63,-0.04,0.62
1862,2019-03-20,6.4,6.5,6.75,6.35,80808,52973651.0,6.37,3.5,0.22,2.6
1863,2019-03-21,6.49,6.49,6.52,6.4,41548,26835286.0,1.85,-0.15,-0.01,1.34
1864,2019-03-22,6.49,6.5,6.58,6.43,35116,22842867.0,2.31,0.15,0.01,1.13
1865,2019-03-25,6.38,6.56,6.75,6.36,52990,34999405.0,6.0,0.92,0.06,1.71
1866,2019-03-26,6.65,6.26,6.72,6.22,42689,27457408.0,7.62,-4.57,-0.3,1.37
1867,2019-03-27,6.34,6.29,6.39,6.25,30722,19341414.0,2.24,0.48,0.03,0.99
1868,2019-03-28,6.36,6.17,6.36,6.11,41875,26066482.0,3.97,-1.91,-0.12,1.35
1869,2019-03-29,6.19,6.31,6.33,6.13,33971,21202882.0,3.24,2.27,0.14,1.09
1870,2019-04-01,6.34,6.48,6.5,6.34,44236,28527898.0,2.54,2.69,0.17,1.42
1871,2019-04-02,6.53,6.56,6.58,6.41,44336,28910385.0,2.62,1.23,0.08,1.43
1872,2019-04-03,6.54,6.59,6.65,6.46,32972,21664518.0,2.9,0.46,0.03,1.06
1873,2019-04-04,6.67,6.7,6.76,6.59,59779,40011158.0,2.58,1.67,0.11,1.92
1874,2019-04-08,6.97,6.76,7.08,6.69,90624,62123181.0,5.82,0.9,0.06,2.92
1875,2019-04-09,6.78,6.63,6.78,6.53,54481,35930980.0,3.7,-1.92,-0.13,1.75
1876,2019-04-10,6.86,6.77,6.86,6.63,61073,41150124.0,3.47,2.11,0.14,1.97
1877,2019-04-11,6.72,6.54,6.73,6.48,47505,31292111.0,3.69,-3.4,-0.23,1.53
1878,2019-04-12,6.57,6.59,6.63,6.46,37966,24862098.0,2.6,0.76,0.05,1.22
1879,2019-04-15,6.64,6.49,6.7,6.45,47949,31638686.0,3.79,-1.52,-0.1,1.54
1880,2019-04-16,6.48,7.14,7.14,6.48,221133,154733906.0,10.17,10.02,0.65,7.12
1881,2019-04-17,7.35,7.85,7.85,7.35,305807,236400456.0,7.0,9.94,0.71,9.84
1882,2019-04-18,7.65,7.79,8.16,7.62,269130,211101398.0,6.88,-0.76,-0.06,8.66
1883,2019-04-19,7.69,7.84,7.91,7.54,149154,115241234.0,4.75,0.64,0.05,4.8
1884,2019-04-22,7.77,7.77,8.13,7.63,141409,110875820.0,6.38,-0.89,-0.07,4.55
1885,2019-04-23,7.82,7.42,7.84,7.38,132346,99705936.0,5.92,-4.5,-0.35,4.26
1886,2019-04-24,7.53,7.44,7.59,7.3,66957,49862574.0,3.91,0.27,0.02,2.16
1887,2019-04-25,7.48,7.18,7.48,7.03,107307,77076390.0,6.05,-3.49,-0.26,3.45
1888,2019-04-26,7.06,6.95,7.13,6.93,81351,56917626.0,2.79,-3.2,-0.23,2.62
1889,2019-04-29,7.0,6.77,7.0,6.74,81588,55907801.0,3.74,-2.59,-0.18,2.63
1890,2019-04-30,6.85,6.82,6.94,6.72,51349,35085741.0,3.25,0.74,0.05,1.65
1891,2019-05-06,6.66,6.14,6.66,6.14,97080,61648025.0,7.62,-9.97,-0.68,3.13
1892,2019-05-07,6.18,5.96,6.24,5.84,106393,64188549.0,6.51,-2.93,-0.18,3.42
1893,2019-05-08,5.96,6.03,6.13,5.7,72507,43426804.0,7.21,1.17,0.07,2.33
1894,2019-05-09,6.07,5.92,6.18,5.91,54282,32678139.0,4.48,-1.82,-0.11,1.75
1895,2019-05-10,5.97,6.09,6.15,5.82,65099,39280668.0,5.57,2.87,0.17,2.1
1896,2019-05-13,6.0,5.89,6.05,5.87,59030,35151876.0,2.96,-3.28,-0.2,1.9
1897,2019-05-14,5.91,5.93,6.06,5.84,38887,23188622.0,3.74,0.68,0.04,1.25
1898,2019-05-15,6.0,6.16,6.18,5.95,47498,28994111.0,3.88,3.88,0.23,1.53
1899,2019-05-16,6.2,6.23,6.26,6.09,40686,25200993.0,2.76,1.14,0.07,1.31
1900,2019-05-17,6.27,5.93,6.28,5.92,64862,39641457.0,5.78,-4.82,-0.3,2.09
1901,2019-05-20,5.93,5.93,6.03,5.81,30751,18169786.0,3.71,0.0,0.0,0.99
1902,2019-05-21,5.93,5.94,6.03,5.89,49040,29272840.0,2.36,0.17,0.01,1.58
1903,2019-05-22,5.99,5.85,5.99,5.81,40484,23791099.0,3.03,-1.52,-0.09,1.3
1904,2019-05-23,5.88,5.63,5.88,5.58,49432,28204559.0,5.13,-3.76,-0.22,1.59
1905,2019-05-24,5.62,5.65,5.76,5.62,39614,22506709.0,2.49,0.36,0.02,1.28
1906,2019-05-27,5.7,5.76,5.8,5.58,44325,25279801.0,3.89,1.95,0.11,1.43
1907,2019-05-28,5.78,5.71,5.87,5.69,46047,26649462.0,3.13,-0.87,-0.05,1.48
1908,2019-05-29,5.76,5.77,5.83,5.69,36138,20844822.0,2.45,1.05,0.06,1.16
1909,2019-05-30,5.78,5.67,5.78,5.63,28835,16402041.0,2.6,-1.73,-0.1,0.93
1910,2019-05-31,5.68,5.71,5.75,5.67,29374,16787812.0,1.41,0.71,0.04,0.95
1911,2019-06-03,5.73,5.77,5.8,5.65,53829,30809325.0,2.63,1.05,0.06,1.73
1912,2019-06-04,5.8,5.66,5.8,5.65,36474,20799020.0,2.6,-1.91,-0.11,1.17
1913,2019-06-05,5.71,5.6,5.71,5.59,22673,12785991.0,2.12,-1.06,-0.06,0.73
1914,2019-06-06,5.6,5.42,5.62,5.38,26025,14257409.0,4.29,-3.21,-0.18,0.84
1915,2019-06-10,5.45,5.5,5.56,5.41,23230,12798775.0,2.77,1.48,0.08,0.75
1916,2019-06-11,5.55,5.73,5.77,5.52,27410,15556112.0,4.55,4.18,0.23,0.88
1917,2019-06-12,5.83,5.75,5.83,5.7,21105,12164400.0,2.27,0.35,0.02,0.68
1918,2019-06-13,5.72,5.77,5.82,5.62,20119,11608370.0,3.48,0.35,0.02,0.65
1919,2019-06-14,5.76,5.66,5.8,5.65,22047,12601190.0,2.6,-1.91,-0.11,0.71
1920,2019-06-17,5.71,5.7,5.77,5.59,22715,12954402.0,3.18,0.71,0.04,0.67
1921,2019-06-18,5.76,5.67,5.8,5.65,22451,12819607.0,2.63,-0.53,-0.03,0.66
1922,2019-06-19,5.8,5.74,5.83,5.73,23461,13574920.0,1.76,1.23,0.07,0.69
1923,2019-06-20,5.78,5.86,5.86,5.72,26770,15581828.0,2.44,2.09,0.12,0.79
1924,2019-06-21,6.02,6.08,6.16,5.96,51304,31165415.0,3.41,3.75,0.22,1.52
1925,2019-06-24,6.0,6.26,6.35,6.0,58539,36503092.0,5.76,2.96,0.18,1.73
1926,2019-06-25,6.24,6.23,6.3,6.09,50593,31267425.0,3.35,-0.48,-0.03,1.5
1927,2019-06-26,6.3,6.19,6.3,6.13,18750,11626047.0,2.73,-0.64,-0.04,0.55
1928,2019-06-27,6.22,6.25,6.27,6.16,24552,15277700.0,1.78,0.97,0.06,0.73
1929,2019-06-28,6.25,6.12,6.25,6.1,16784,10321037.0,2.4,-2.08,-0.13,0.5
1930,2019-07-01,6.26,6.33,6.4,6.17,47146,29823526.0,3.76,3.43,0.21,1.39
1931,2019-07-02,6.39,6.42,6.43,6.32,29823,19022015.0,1.74,1.42,0.09,0.88
1932,2019-07-03,6.42,6.35,6.44,6.31,16900,10706416.0,2.02,-1.09,-0.07,0.5
1933,2019-07-04,6.34,6.45,6.52,6.3,26101,16740255.0,3.46,1.57,0.1,0.77
1934,2019-07-05,6.42,6.37,6.47,6.34,15881,10133927.0,2.02,-1.24,-0.08,0.47
1935,2019-07-08,6.42,6.3,6.42,6.2,34716,21757695.0,3.45,-1.1,-0.07,1.03
1936,2019-07-09,6.3,6.32,6.35,6.17,21879,13697924.0,2.86,0.32,0.02,0.65
1937,2019-07-10,6.33,6.34,6.47,6.29,26972,17211175.0,2.85,0.32,0.02,0.8
1938,2019-07-11,6.37,6.37,6.47,6.33,18074,11541378.0,2.21,0.47,0.03,0.53
1939,2019-07-12,6.45,6.66,6.68,6.36,45549,29747809.0,5.02,4.55,0.29,1.35
1940,2019-07-15,6.51,6.56,6.63,6.47,41359,27082212.0,2.4,-1.5,-0.1,1.22
1941,2019-07-16,6.58,6.53,6.65,6.5,30367,19892351.0,2.29,-0.46,-0.03,0.9
1942,2019-07-17,6.55,6.89,7.0,6.51,70009,47558373.0,7.5,5.51,0.36,2.07
1943,2019-07-18,6.99,6.72,6.99,6.7,48701,33097871.0,4.21,-2.47,-0.17,1.44
1944,2019-07-19,6.8,6.85,6.88,6.75,25867,17635890.0,1.93,1.93,0.13,0.76
1945,2019-07-22,6.86,6.88,6.95,6.77,40488,27821007.0,2.63,0.44,0.03,1.2
1946,2019-07-23,6.88,7.06,7.08,6.83,33133,23108831.0,3.63,2.62,0.18,0.98
1947,2019-07-24,7.06,7.17,7.21,7.02,44635,31920025.0,2.69,1.56,0.11,1.32
1948,2019-07-25,7.13,7.11,7.25,7.07,32542,23242450.0,2.51,-0.84,-0.06,0.96
1949,2019-07-26,7.14,7.14,7.19,7.08,26855,19171033.0,1.55,0.42,0.03,0.79
1950,2019-07-29,7.3,7.19,7.3,7.13,36465,26291395.0,2.38,0.7,0.05,1.08
1951,2019-07-30,7.16,7.33,7.35,7.14,32982,24028866.0,2.92,1.95,0.14,0.98
1952,2019-07-31,7.27,7.17,7.36,7.08,48553,34911340.0,3.82,-2.18,-0.16,1.44
1953,2019-08-01,7.12,6.9,7.19,6.77,90583,62834768.0,5.86,-3.77,-0.27,2.68
1954,2019-08-02,6.8,6.91,7.02,6.72,50576,34932714.0,4.35,0.14,0.01,1.5
1955,2019-08-05,6.98,6.92,7.13,6.86,39020,27251209.0,3.91,0.14,0.01,1.15
1956,2019-08-06,7.0,6.68,7.0,6.5,57815,38676829.0,7.23,-3.47,-0.24,1.71
1957,2019-08-07,6.8,6.87,6.94,6.71,47895,32784941.0,3.44,2.84,0.19,1.42
1958,2019-08-08,6.92,6.91,6.96,6.85,38561,26597891.0,1.6,0.58,0.04,1.14
1959,2019-08-09,6.88,6.8,6.99,6.75,24236,16539447.0,3.47,-1.59,-0.11,0.72
1960,2019-08-12,6.81,6.62,6.93,6.6,39824,26606296.0,4.85,-2.65,-0.18,1.18
1961,2019-08-13,6.62,6.91,6.92,6.61,47123,31852224.0,4.68,4.38,0.29,1.39
1962,2019-08-14,6.93,6.93,7.06,6.88,47929,33391903.0,2.6,0.29,0.02,1.42
1963,2019-08-15,6.8,6.85,6.89,6.69,51904,35165223.0,2.89,-1.15,-0.08,1.53
1964,2019-08-16,6.87,6.74,6.89,6.66,36992,25046931.0,3.36,-1.61,-0.11,1.09
1965,2019-08-19,6.81,6.86,6.87,6.74,33830,23037861.0,1.93,1.78,0.12,1.0
1966,2019-08-20,6.84,6.74,6.9,6.69,36611,24766173.0,3.06,-1.75,-0.12,1.08
1967,2019-08-21,6.74,6.74,6.82,6.69,21334,14390167.0,1.93,0.0,0.0,0.63
1968,2019-08-22,6.74,6.79,7.01,6.51,56618,37509241.0,7.42,0.74,0.05,1.67
1969,2019-08-23,6.79,6.64,6.79,6.58,40539,26912887.0,3.09,-2.21,-0.15,1.2
1970,2019-08-26,6.62,6.64,6.69,6.53,31073,20570715.0,2.41,0.0,0.0,0.92
1971,2019-08-27,6.61,6.7,6.75,6.61,21090,14109978.0,2.11,0.9,0.06,0.62
1972,2019-08-28,6.72,6.84,6.87,6.7,31104,21165221.0,2.54,2.09,0.14,0.92
1973,2019-08-29,6.81,6.87,6.88,6.79,22987,15743955.0,1.32,0.44,0.03,0.68
1974,2019-08-30,6.97,6.96,7.03,6.84,49507,34386002.0,2.77,1.31,0.09,1.46
1975,2019-09-02,6.97,7.2,7.25,6.97,51140,36568633.0,4.02,3.45,0.24,1.51
1976,2019-09-03,7.88,7.63,7.92,7.57,152289,117748248.0,4.86,5.97,0.43,4.5
1977,2019-09-04,7.62,7.44,7.7,7.3,88614,66141616.0,5.24,-2.49,-0.19,2.62
1978,2019-09-05,7.72,7.39,8.05,7.15,202874,153890509.0,12.1,-0.67,-0.05,6.0
1979,2019-09-06,7.25,6.89,7.34,6.86,263400,185510381.0,6.5,-6.77,-0.5,7.79
1980,2019-09-09,6.98,7.01,7.05,6.86,104882,72733421.0,2.76,1.74,0.12,3.1
1981,2019-09-10,7.18,7.07,7.18,7.0,65386,46127078.0,2.57,0.86,0.06,1.93
1982,2019-09-11,7.11,7.78,7.78,7.06,162547,121874555.0,10.18,10.04,0.71,4.81
1983,2019-09-12,8.03,7.9,8.28,7.51,223231,176949095.0,9.9,1.54,0.12,6.6
1984,2019-09-16,7.9,7.91,7.97,7.7,102618,80371560.0,3.42,0.13,0.01,3.03
1985,2019-09-17,7.8,7.61,7.88,7.59,89562,68919968.0,3.67,-3.79,-0.3,2.65
1986,2019-09-18,7.62,7.81,8.0,7.62,74254,58339235.0,4.99,2.63,0.2,2.2
1987,2019-09-19,7.83,8.43,8.44,7.83,210492,174018376.0,7.81,7.94,0.62,6.22
1988,2019-09-20,8.6,8.6,8.85,8.4,238844,206376814.0,5.34,2.02,0.17,7.06
1989,2019-09-23,8.77,8.64,8.8,8.52,115238,99762509.0,3.26,0.47,0.04,3.41
1990,2019-09-24,8.8,8.56,8.88,8.45,92290,79913238.0,4.98,-0.93,-0.08,2.73
1991,2019-09-25,8.61,8.4,8.86,8.31,116757,100274981.0,6.43,-1.87,-0.16,3.45
1992,2019-09-26,8.48,8.28,8.55,8.26,92026,76849857.0,3.45,-1.43,-0.12,2.72
1993,2019-09-27,8.26,8.45,8.62,8.26,70103,59472893.0,4.35,2.05,0.17,2.07
1994,2019-09-30,8.53,8.37,8.53,8.17,52607,43865616.0,4.26,-0.95,-0.08,1.56
1995,2019-10-08,8.4,8.21,8.45,8.15,77355,64045340.0,3.58,-1.91,-0.16,2.29
1996,2019-10-09,8.16,8.49,8.53,8.01,71512,59695328.0,6.33,3.41,0.28,2.11
1997,2019-10-10,8.48,8.43,8.54,8.36,53523,45106070.0,2.12,-0.71,-0.06,1.58
1998,2019-10-11,8.49,8.44,8.65,8.33,84938,71936822.0,3.8,0.12,0.01,2.51
1999,2019-10-14,8.58,9.28,9.28,8.36,177618,157357168.0,10.9,9.95,0.84,5.25
2000,2019-10-15,9.01,9.18,9.34,8.93,109303,100315891.0,4.42,-1.08,-0.1,3.23
2001,2019-10-16,9.23,9.3,9.31,9.07,78466,72132218.0,2.61,1.31,0.12,2.32
2002,2019-10-17,9.32,10.02,10.2,9.32,216142,212951566.0,9.46,7.74,0.72,6.39
2003,2019-10-18,9.97,9.81,10.16,9.79,126317,125731746.0,3.69,-2.1,-0.21,3.73
2004,2019-10-21,9.7,9.77,9.97,9.4,93778,91152199.0,5.81,-0.41,-0.04,2.77
2005,2019-10-22,9.68,10.28,10.29,9.68,137357,137991949.0,6.24,5.22,0.51,4.06
2006,2019-10-23,10.19,10.14,10.35,9.98,90730,92344125.0,3.6,-1.36,-0.14,2.68
2007,2019-10-24,10.02,9.96,10.17,9.61,109057,107895526.0,5.52,-1.78,-0.18,3.22
2008,2019-10-25,9.98,9.26,9.98,9.08,190900,178692782.0,9.04,-7.03,-0.7,5.64
2009,2019-10-28,8.93,9.56,9.66,8.93,126299,118936337.0,7.88,3.24,0.3,3.73
2010,2019-10-29,9.31,9.13,9.69,9.11,107199,100496423.0,6.07,-4.5,-0.43,3.17
2011,2019-10-30,9.13,9.05,9.3,8.98,83411,75844707.0,3.5,-0.88,-0.08,2.47
2012,2019-10-31,9.15,8.95,9.17,8.82,61668,55351209.0,3.87,-1.1,-0.1,1.82
2013,2019-11-01,8.95,9.27,9.56,8.95,137753,128875999.0,6.82,3.58,0.32,4.07
2014,2019-11-04,9.26,9.03,9.31,8.9,119035,107908388.0,4.42,-2.59,-0.24,3.52
2015,2019-11-05,9.0,8.53,9.01,8.2,220682,188080378.0,8.97,-5.54,-0.5,6.52
2016,2019-11-06,8.5,8.62,9.01,8.43,146283,128672939.0,6.8,1.06,0.09,4.32
2017,2019-11-07,8.53,8.51,8.76,8.4,97544,83390312.0,4.18,-1.28,-0.11,2.88
2018,2019-11-08,8.69,8.51,8.69,8.45,65042,55610781.0,2.82,0.0,0.0,1.92
2019,2019-11-11,8.51,8.28,8.51,8.2,72228,60330603.0,3.64,-2.7,-0.23,2.14
2020,2019-11-12,8.3,8.48,8.53,8.24,57590,48259596.0,3.5,2.42,0.2,1.7
2021,2019-11-13,8.52,8.28,8.52,8.19,78651,65250725.0,3.89,-2.36,-0.2,2.33
2022,2019-11-14,8.29,8.39,8.45,8.12,54094,44958335.0,3.99,1.33,0.11,1.6
2023,2019-11-15,8.4,8.24,8.43,8.19,52467,43336045.0,2.86,-1.79,-0.15,1.55
2024,2019-11-18,8.15,8.26,8.34,8.13,51358,42287395.0,2.55,0.24,0.02,1.52
2025,2019-11-19,8.26,8.41,8.42,8.2,56598,47143618.0,2.66,1.82,0.15,1.67
2026,2019-11-20,8.6,8.27,8.74,8.19,95187,80152112.0,6.54,-1.66,-0.14,2.78
2027,2019-11-21,8.18,8.21,8.39,8.15,50046,41347002.0,2.9,-0.73,-0.06,1.46
2028,2019-11-22,8.25,8.24,8.43,8.2,65592,54488155.0,2.8,0.37,0.03,1.91
2029,2019-11-25,8.15,8.28,8.3,8.02,52188,42640834.0,3.4,0.49,0.04,1.52
2030,2019-11-26,8.2,8.2,8.29,8.17,36927,30344384.0,1.45,-0.97,-0.08,1.08
2031,2019-11-27,8.12,8.12,8.23,8.11,26488,21602796.0,1.46,-0.98,-0.08,0.77
2032,2019-11-28,8.17,8.04,8.18,7.98,41163,33152728.0,2.46,-0.99,-0.08,1.2
2033,2019-11-29,8.07,8.1,8.15,7.89,40333,32348089.0,3.23,0.75,0.06,1.18
2034,2019-12-02,8.14,8.01,8.24,7.97,40625,32813630.0,3.33,-1.11,-0.09,1.18
2035,2019-12-03,7.99,7.97,7.99,7.66,61626,48416957.0,4.12,-0.5,-0.04,1.8
2036,2019-12-04,7.99,7.97,8.13,7.9,39770,31815902.0,2.89,0.0,0.0,1.16
2037,2019-12-05,7.99,8.09,8.11,7.95,36706,29501936.0,2.01,1.51,0.12,1.07
2038,2019-12-06,8.02,8.07,8.13,8.01,30986,24950025.0,1.48,-0.25,-0.02,0.9
2039,2019-12-09,8.12,8.13,8.21,8.02,39728,32270799.0,2.35,0.74,0.06,1.16
2040,2019-12-10,8.16,8.03,8.16,7.96,47627,38248121.0,2.46,-1.23,-0.1,1.39
2041,2019-12-11,8.04,7.9,8.04,7.85,43252,34322067.0,2.37,-1.62,-0.13,1.26
2042,2019-12-12,7.9,7.83,7.98,7.82,29666,23371405.0,2.03,-0.89,-0.07,0.86
2043,2019-12-13,7.9,8.07,8.14,7.88,52964,42619252.0,3.32,3.07,0.24,1.54
2044,2019-12-16,8.11,8.34,8.37,8.07,60610,49974605.0,3.72,3.35,0.27,1.77
2045,2019-12-17,8.33,8.33,8.37,8.23,57078,47366155.0,1.68,-0.12,-0.01,1.66
2046,2019-12-18,8.3,8.34,8.48,8.28,41306,34478839.0,2.4,0.12,0.01,1.2
2047,2019-12-19,8.34,8.33,8.37,8.25,29541,24522991.0,1.44,-0.12,-0.01,0.86
2048,2019-12-20,8.37,8.23,8.37,8.21,35615,29477253.0,1.92,-1.2,-0.1,1.04
2049,2019-12-23,8.23,8.04,8.27,8.01,43097,34932421.0,3.16,-2.31,-0.19,1.26
2050,2019-12-24,8.08,8.12,8.13,7.97,36173,29166819.0,1.99,1.0,0.08,1.05
2051,2019-12-25,8.21,8.14,8.26,8.05,37352,30472432.0,2.59,0.25,0.02,1.09
2052,2019-12-26,8.2,8.22,8.23,8.1,28188,23007596.0,1.6,0.98,0.08,0.82
2053,2019-12-27,8.18,8.05,8.25,8.02,39515,32102348.0,2.8,-2.07,-0.17,1.15
2054,2019-12-30,8.02,8.17,8.2,7.97,35799,29021306.0,2.86,1.49,0.12,1.04
2055,2019-12-31,8.19,8.3,8.38,8.16,41900,34643966.0,2.69,1.59,0.13,1.22
2056,2020-01-02,8.5,8.48,8.5,8.36,61805,52161434.0,1.69,2.17,0.18,1.71
2057,2020-01-03,8.56,8.48,8.56,8.36,42377,35821132.0,2.36,0.0,0.0,1.17
2058,2020-01-06,8.37,8.39,8.48,8.31,52888,44360346.0,2.0,-1.06,-0.09,1.46
2059,2020-01-07,8.44,8.93,9.16,8.41,128990,114675940.0,8.94,6.44,0.54,3.56
2060,2020-01-08,8.83,8.67,8.93,8.63,79473,69597050.0,3.36,-2.91,-0.26,2.2
2061,2020-01-09,8.76,8.94,8.97,8.69,63679,56108570.0,3.23,3.11,0.27,1.76
2062,2020-01-10,8.95,9.02,9.22,8.86,82914,74882330.0,4.03,0.89,0.08,2.29
2063,2020-01-13,9.03,9.17,9.2,8.96,63920,58041902.0,2.66,1.66,0.15,1.77
2064,2020-01-14,9.2,8.88,9.26,8.8,75510,67826731.0,5.02,-3.16,-0.29,2.09
2065,2020-01-15,8.92,8.9,9.03,8.83,36679,32680832.0,2.25,0.23,0.02,1.01
2066,2020-01-16,8.9,8.88,8.96,8.84,24553,21799489.0,1.35,-0.22,-0.02,0.68
2067,2020-01-17,8.88,8.76,8.95,8.73,31209,27550839.0,2.48,-1.35,-0.12,0.86
2068,2020-01-20,8.8,9.0,9.02,8.78,47792,42683624.0,2.74,2.74,0.24,1.32
2069,2020-01-21,9.1,8.99,9.12,8.8,68983,61732009.0,3.56,-0.11,-0.01,1.91
2070,2020-01-22,8.96,8.94,9.06,8.84,46079,41270472.0,2.45,-0.56,-0.05,1.27
2071,2020-01-23,8.92,8.54,9.0,8.38,84400,73238510.0,6.94,-4.47,-0.4,2.33
2072,2020-02-03,7.69,7.69,7.69,7.69,22171,17049499.0,0.0,-9.95,-0.85,0.61
2073,2020-02-04,7.11,7.52,7.65,7.11,82144,61288585.0,7.02,-2.21,-0.17,2.27
2074,2020-02-05,7.63,7.75,7.94,7.54,72826,56757648.0,5.32,3.06,0.23,2.01
2075,2020-02-06,7.83,7.8,7.86,7.58,58148,44970486.0,3.61,0.65,0.05,1.61
2076,2020-02-07,7.8,7.8,7.86,7.69,55567,43165847.0,2.18,0.0,0.0,1.54
2077,2020-02-10,7.81,7.95,8.05,7.72,60177,47670646.0,4.23,1.92,0.15,1.66
2078,2020-02-11,7.99,7.97,8.02,7.89,34600,27493577.0,1.64,0.25,0.02,0.96
2079,2020-02-12,8.0,8.22,8.25,7.95,55331,44871691.0,3.76,3.14,0.25,1.53
2080,2020-02-13,8.22,8.12,8.3,8.07,53773,43895866.0,2.8,-1.22,-0.1,1.49
2081,2020-02-14,8.15,8.1,8.15,7.97,54455,43760333.0,2.22,-0.25,-0.02,1.5
2082,2020-02-17,8.16,8.3,8.37,8.14,52607,43546061.0,2.84,2.47,0.2,1.45
2083,2020-02-18,8.38,8.24,8.38,8.16,54504,44999678.0,2.65,-0.72,-0.06,1.51
2084,2020-02-19,8.28,8.17,8.28,8.14,48722,40017421.0,1.7,-0.85,-0.07,1.35
2085,2020-02-20,8.21,8.26,8.28,8.14,55602,45689910.0,1.71,1.1,0.09,1.54
2086,2020-02-21,8.29,8.3,8.33,8.2,64821,53654363.0,1.57,0.48,0.04,1.79
2087,2020-02-24,8.3,8.32,8.43,8.25,58600,48743908.0,2.17,0.24,0.02,1.62
2088,2020-02-25,8.18,8.09,8.25,7.92,93040,75269743.0,3.97,-2.76,-0.23,2.57
2089,2020-02-26,8.02,8.03,8.18,7.9,61896,49941217.0,3.46,-0.74,-0.06,1.71
2090,2020-02-27,8.13,8.15,8.19,7.99,39226,31731079.0,2.49,1.49,0.12,1.08
2091,2020-02-28,8.0,7.61,8.15,7.57,78827,61495828.0,7.12,-6.63,-0.54,2.18
2092,2020-03-02,7.65,8.13,8.25,7.65,78266,63111497.0,7.88,6.83,0.52,2.16
2093,2020-03-03,8.35,8.16,8.35,8.04,58371,47791475.0,3.81,0.37,0.03,1.61
2094,2020-03-04,8.15,8.15,8.24,8.03,43261,35115172.0,2.57,-0.12,-0.01,1.2
2095,2020-03-05,8.24,8.31,8.31,8.15,56524,46553654.0,1.96,1.96,0.16,1.56
2096,2020-03-06,8.29,8.64,8.81,8.18,112355,96797756.0,7.58,3.97,0.33,3.1
2097,2020-03-09,8.55,8.2,8.71,8.17,92571,77873643.0,6.25,-5.09,-0.44,2.56
2098,2020-03-10,8.01,8.31,8.34,8.01,63318,51752889.0,4.02,1.34,0.11,1.75
2099,2020-03-11,8.3,8.12,8.35,8.08,46097,37928769.0,3.25,-2.29,-0.19,1.27
2100,2020-03-12,8.05,7.9,8.05,7.82,46212,36489000.0,2.83,-2.71,-0.22,1.28
2101,2020-03-13,7.51,7.79,8.0,7.4,54418,41764756.0,7.59,-1.39,-0.11,1.5
2102,2020-03-16,7.84,7.51,7.95,7.48,44018,34017281.0,6.03,-3.59,-0.28,1.22
2103,2020-03-17,7.55,7.56,7.67,7.37,40188,30113856.0,3.99,0.67,0.05,1.11
2104,2020-03-18,7.6,7.53,7.82,7.52,42747,32782507.0,3.97,-0.4,-0.03,1.18
2105,2020-03-19,7.53,7.58,7.66,7.42,34920,26321506.0,3.19,0.66,0.05,0.96
2106,2020-03-20,7.62,7.69,7.7,7.58,25357,19399998.0,1.58,1.45,0.11,0.7
2107,2020-03-23,7.51,7.46,7.65,7.43,30529,23023672.0,2.86,-2.99,-0.23,0.84
2108,2020-03-24,7.59,7.7,7.7,7.49,31885,24299496.0,2.82,3.22,0.24,0.88
2109,2020-03-25,7.85,7.75,7.86,7.69,35277,27370998.0,2.21,0.65,0.05,0.97
2110,2020-03-26,7.75,7.61,7.75,7.58,23137,17692164.0,2.19,-1.81,-0.14,0.64
2111,2020-03-27,7.69,7.69,7.73,7.6,18241,13958679.0,1.71,1.05,0.08,0.5
2112,2020-03-30,7.6,7.54,7.63,7.46,23947,18052729.0,2.21,-1.95,-0.15,0.66
2113,2020-03-31,7.57,7.46,7.67,7.43,28138,21194466.0,3.18,-1.06,-0.08,0.78
2114,2020-04-01,7.53,7.52,7.59,7.44,24208,18236647.0,2.01,0.8,0.06,0.67
2115,2020-04-02,7.52,7.69,7.7,7.44,30524,23117458.0,3.46,2.26,0.17,0.84
2116,2020-04-03,7.69,7.68,7.71,7.56,17100,13051007.0,1.95,-0.13,-0.01,0.47
2117,2020-04-07,7.76,7.76,7.79,7.68,36260,28092264.0,1.43,1.04,0.08,1.0
2118,2020-04-08,7.76,8.23,8.29,7.73,88418,71239314.0,7.22,6.06,0.47,2.44
2119,2020-04-09,8.2,8.33,8.34,8.08,61142,50022748.0,3.16,1.22,0.1,1.69
2120,2020-04-10,8.4,8.25,8.7,8.18,122786,102738289.0,6.24,-0.96,-0.08,3.39
2121,2020-04-13,8.25,8.07,8.35,8.05,57843,47215728.0,3.64,-2.18,-0.18,1.6
2122,2020-04-14,8.2,8.29,8.3,8.1,48346,39794856.0,2.48,2.73,0.22,1.34
2123,2020-04-15,8.4,8.29,8.47,8.26,50431,42141861.0,2.53,0.0,0.0,1.39
2124,2020-04-16,8.32,8.33,8.4,8.2,43333,36134609.0,2.41,0.48,0.04,1.2
2125,2020-04-17,8.38,8.25,8.4,8.25,40271,33461246.0,1.8,-0.96,-0.08,1.11
2126,2020-04-20,8.3,8.54,8.57,8.19,63035,52925950.0,4.61,3.52,0.29,1.74
2127,2020-04-21,8.44,8.75,8.75,8.39,99678,86490131.0,4.22,2.46,0.21,2.75
2128,2020-04-22,8.72,8.6,8.76,8.54,63673,54994723.0,2.51,-1.71,-0.15,1.76
2129,2020-04-23,8.64,8.7,8.89,8.55,85769,74985156.0,3.95,1.16,0.1,2.37
2130,2020-04-24,8.69,8.53,8.73,8.46,56135,48078079.0,3.1,-1.95,-0.17,1.55
2131,2020-04-27,8.6,8.25,8.6,8.22,61544,51154199.0,4.45,-3.28,-0.28,1.7
2132,2020-04-28,8.3,7.99,8.3,7.8,60489,48478978.0,6.06,-3.15,-0.26,1.67
2133,2020-04-29,7.98,7.89,8.06,7.86,40880,32424571.0,2.5,-1.25,-0.1,1.13
2134,2020-04-30,7.92,8.1,8.16,7.9,39364,31787985.0,3.3,2.66,0.21,1.09
2135,2020-05-06,7.98,8.31,8.35,7.96,45866,37762102.0,4.81,2.59,0.21,1.27
2136,2020-05-07,8.3,8.48,8.59,8.29,49133,41654579.0,3.61,2.05,0.17,1.36
2137,2020-05-08,8.52,8.57,8.6,8.44,43359,37062888.0,1.89,1.06,0.09,1.2
2138,2020-05-11,8.56,8.49,8.62,8.41,31086,26412520.0,2.45,-0.93,-0.08,0.86
2139,2020-05-12,8.5,8.39,8.59,8.27,30911,25927209.0,3.77,-1.18,-0.1,0.85
2140,2020-05-13,8.42,8.4,8.42,8.25,32813,27373574.0,2.03,0.12,0.01,0.91
2141,2020-05-14,8.36,8.35,8.53,8.29,32939,27715090.0,2.86,-0.6,-0.05,0.91
2142,2020-05-15,8.43,8.29,8.55,8.27,35549,29846872.0,3.35,-0.72,-0.06,0.98
2143,2020-05-18,8.25,8.77,8.88,8.25,103579,89852914.0,7.6,5.79,0.48,2.86
2144,2020-05-19,8.76,8.67,8.77,8.56,66295,57211379.0,2.39,-1.14,-0.1,1.83
2145,2020-05-20,8.65,8.78,8.8,8.55,69377,60366408.0,2.88,1.27,0.11,1.92
2146,2020-05-21,8.82,8.41,8.82,8.35,67356,57513481.0,5.35,-4.21,-0.37,1.86
2147,2020-05-22,8.37,8.11,8.45,8.08,42660,35045617.0,4.4,-3.57,-0.3,1.18
2148,2020-05-25,8.07,8.05,8.15,7.97,34473,27736158.0,2.22,-0.74,-0.06,0.95
2149,2020-05-26,8.1,8.18,8.21,8.02,26674,21721967.0,2.36,1.61,0.13,0.74
2150,2020-05-27,8.12,8.05,8.2,8.03,24213,19578370.0,2.08,-1.59,-0.13,0.67
2151,2020-05-28,8.05,8.1,8.12,7.87,28385,22736013.0,3.11,0.62,0.05,0.78
2152,2020-05-29,8.09,8.19,8.28,7.99,33275,27195721.0,3.58,1.11,0.09,0.92
2153,2020-06-01,8.26,8.39,8.43,8.18,35101,29210748.0,3.05,2.44,0.2,0.97
2154,2020-06-02,8.39,8.4,8.49,8.36,36011,30283334.0,1.55,0.12,0.01,0.99
2155,2020-06-03,8.46,8.32,8.48,8.31,28378,23771279.0,2.02,-0.95,-0.08,0.78
2156,2020-06-04,8.3,8.25,8.37,8.24,29366,24350845.0,1.56,-0.84,-0.07,0.81
2157,2020-06-05,8.3,8.19,8.35,8.16,23017,18925972.0,2.3,-0.73,-0.06,0.64
2158,2020-06-08,8.31,8.23,8.32,8.1,42296,34676102.0,2.69,0.49,0.04,1.17
2159,2020-06-09,8.2,8.17,8.22,8.12,23549,19221292.0,1.22,-0.73,-0.06,0.65
2160,2020-06-10,8.17,8.18,8.21,8.11,19168,15630939.0,1.22,0.12,0.01,0.53
2161,2020-06-11,8.2,8.09,8.24,8.07,25779,21003891.0,2.08,-1.1,-0.09,0.71
2162,2020-06-12,8.0,8.11,8.19,7.91,26822,21565297.0,3.46,0.25,0.02,0.74
2163,2020-06-15,8.05,8.03,8.13,7.99,28984,23318614.0,1.73,-0.99,-0.08,0.8
2164,2020-06-16,8.11,8.12,8.17,8.03,23138,18737202.0,1.74,1.12,0.09,0.64
2165,2020-06-17,8.18,8.17,8.21,8.05,35091,28545546.0,1.97,0.62,0.05,0.97
2166,2020-06-18,8.17,8.27,8.37,8.16,42277,34988310.0,2.57,1.22,0.1,1.17
2167,2020-06-19,8.3,8.2,8.31,8.16,30380,24958409.0,1.81,-0.85,-0.07,0.84
2168,2020-06-22,8.24,8.24,8.32,8.2,28578,23568800.0,1.46,0.49,0.04,0.79
2169,2020-06-23,8.26,8.15,8.26,8.08,26858,21946669.0,2.18,-1.09,-0.09,0.74
2170,2020-06-24,8.25,8.1,8.25,7.99,42431,34185371.0,3.19,-0.61,-0.05,1.17
2171,2020-06-29,8.03,8.0,8.08,7.96,25182,20178563.0,1.48,-1.23,-0.1,0.7
2172,2020-06-30,8.01,8.14,8.18,8.01,32456,26328276.0,2.13,1.75,0.14,0.9
2173,2020-07-01,8.19,8.15,8.21,8.05,32634,26573696.0,1.97,0.12,0.01,0.9
2174,2020-07-02,8.17,8.37,8.42,8.11,69454,57439576.0,3.8,2.7,0.22,1.92
2175,2020-07-03,8.39,8.4,8.43,8.3,55184,46228105.0,1.55,0.36,0.03,1.52
2176,2020-07-06,8.41,8.67,8.7,8.41,75787,65174233.0,3.45,3.21,0.27,2.09
2177,2020-07-07,8.62,8.71,8.88,8.62,80933,70999735.0,3.0,0.46,0.04,2.24
2178,2020-07-08,8.7,8.8,8.8,8.61,82690,71793918.0,2.18,1.03,0.09,2.28
2179,2020-07-09,8.83,9.01,9.1,8.71,79002,70225834.0,4.43,2.39,0.21,2.18
2180,2020-07-10,9.0,8.97,9.43,8.89,109327,99300308.0,5.99,-0.44,-0.04,3.02
2181,2020-07-13,8.91,9.13,9.16,8.91,96007,87011842.0,2.79,1.78,0.16,2.65
2182,2020-07-14,9.14,9.02,9.17,8.83,89062,80158176.0,3.72,-1.2,-0.11,2.46
2183,2020-07-15,9.02,8.81,9.12,8.79,69547,62028176.0,3.66,-2.33,-0.21,1.92
2184,2020-07-16,8.87,8.66,8.9,8.5,72330,63146092.0,4.54,-1.7,-0.15,2.0
2185,2020-07-17,8.69,8.64,8.72,8.46,63639,54645144.0,3.0,-0.23,-0.02,1.76
2186,2020-07-20,8.68,9.08,9.12,8.67,99196,88873427.0,5.21,5.09,0.44,2.74
2187,2020-07-21,9.15,9.1,9.16,8.91,61592,55702875.0,2.75,0.22,0.02,1.7
2188,2020-07-22,9.11,9.09,9.24,9.02,75020,68553053.0,2.42,-0.11,-0.01,2.07
2189,2020-07-23,9.05,9.02,9.18,8.78,61849,55574656.0,4.4,-0.77,-0.07,1.71
2190,2020-07-24,8.93,8.77,9.08,8.69,57008,50525681.0,4.32,-2.77,-0.25,1.58
2191,2020-07-27,8.85,8.76,8.87,8.64,40114,35214554.0,2.62,-0.11,-0.01,1.11
2192,2020-07-28,8.85,9.2,9.36,8.8,123639,113087573.0,6.39,5.02,0.44,3.42
2193,2020-07-29,9.2,9.22,9.24,8.97,88479,80843994.0,2.93,0.22,0.02,2.44
2194,2020-07-30,9.25,9.35,9.49,9.12,102078,95320509.0,4.01,1.41,0.13,2.82
2195,2020-07-31,9.29,9.3,9.4,9.05,99420,91897996.0,3.74,-0.53,-0.05,2.75
2196,2020-08-03,9.47,9.68,9.77,9.37,122362,117673381.0,4.3,4.09,0.38,3.38
2197,2020-08-04,9.71,9.56,9.97,9.5,121576,117999748.0,4.86,-1.24,-0.12,3.36
2198,2020-08-05,9.58,9.63,9.73,9.46,79690,76658535.0,2.82,0.73,0.07,2.2
2199,2020-08-06,9.59,9.43,9.67,9.25,84820,79926292.0,4.36,-2.08,-0.2,2.34
2200,2020-08-07,9.44,9.33,9.48,9.13,63648,59119277.0,3.71,-1.06,-0.1,1.76
2201,2020-08-10,9.34,9.36,9.46,9.27,46137,43256338.0,2.04,0.32,0.03,1.27
2202,2020-08-11,9.39,9.16,9.47,9.16,61193,57079072.0,3.31,-2.14,-0.2,1.69
2203,2020-08-12,9.17,9.12,9.2,8.89,63271,57041433.0,3.38,-0.44,-0.04,1.75
2204,2020-08-13,9.25,9.12,9.35,9.08,49853,45988143.0,2.96,0.0,0.0,1.38
2205,2020-08-14,9.2,9.15,9.2,8.9,51865,46920242.0,3.29,0.33,0.03,1.43
2206,2020-08-17,9.2,9.31,9.31,9.15,50764,46843275.0,1.75,1.75,0.16,1.4
2207,2020-08-18,9.4,9.24,9.4,9.18,46627,43196146.0,2.36,-0.75,-0.07,1.29
2208,2020-08-19,9.23,9.03,9.27,9.03,50732,46309849.0,2.6,-2.27,-0.21,1.4
2209,2020-08-20,8.99,8.94,9.2,8.9,39924,35881747.0,3.32,-1.0,-0.09,1.1
2210,2020-08-21,9.0,9.18,9.22,8.97,42776,38873243.0,2.8,2.68,0.24,1.18
2211,2020-08-24,9.33,9.37,9.45,8.94,94086,86848020.0,5.56,2.07,0.19,2.6
2212,2020-08-25,9.31,9.51,9.6,9.21,120597,113908898.0,4.16,1.49,0.14,3.33
2213,2020-08-26,9.57,9.25,9.57,9.19,81423,76380529.0,4.0,-2.73,-0.26,2.25
2214,2020-08-27,9.2,9.8,10.1,9.2,201815,196101700.0,9.73,5.95,0.55,5.58
2215,2020-08-28,9.79,9.8,9.88,9.58,148786,144732093.0,3.06,0.0,0.0,4.11
2216,2020-08-31,9.64,9.4,9.75,9.37,186053,176544051.0,3.88,-4.08,-0.4,5.14
2217,2020-09-01,9.32,9.29,9.45,9.18,108761,101013324.0,2.87,-1.17,-0.11,3.0
2218,2020-09-02,9.37,9.91,9.96,9.29,233580,226459184.0,7.21,6.67,0.62,6.45
2219,2020-09-03,10.05,9.69,10.06,9.6,156784,153738621.0,4.64,-2.22,-0.22,4.33
2220,2020-09-04,9.51,10.0,10.02,9.47,163552,160354746.0,5.68,3.2,0.31,4.52
2221,2020-09-07,10.0,10.11,10.44,9.9,269513,273946928.0,5.4,1.1,0.11,7.45
2222,2020-09-08,10.1,10.99,11.09,9.97,315082,329684192.0,11.08,8.7,0.88,8.71
2223,2020-09-09,10.81,10.44,11.4,10.36,307740,332323092.0,9.46,-5.0,-0.55,8.5
2224,2020-09-10,10.55,10.48,10.86,10.13,260558,274213360.0,6.99,0.38,0.04,7.2
2225,2020-09-11,10.31,10.3,10.42,9.67,205218,208166316.0,7.16,-1.72,-0.18,5.67
2226,2020-09-14,10.33,11.19,11.19,10.32,302664,327144954.0,8.45,8.64,0.89,8.36
2227,2020-09-15,10.99,10.94,11.11,10.53,223708,241964595.0,5.18,-2.23,-0.25,6.18
2228,2020-09-16,10.8,10.71,10.88,10.52,120734,128934947.0,3.29,-2.1,-0.23,3.34
2229,2020-09-17,10.71,10.25,10.86,10.25,138174,145179526.0,5.7,-4.3,-0.46,3.82
2230,2020-09-18,10.15,10.23,10.35,9.95,135117,137277059.0,3.9,-0.2,-0.02,3.73
2231,2020-09-21,10.23,9.94,10.35,9.91,105350,105969579.0,4.3,-2.83,-0.29,2.91
2232,2020-09-22,9.89,9.63,10.03,9.6,104373,102519095.0,4.33,-3.12,-0.31,2.88
2233,2020-09-23,9.72,9.68,9.78,9.52,71248,68830909.0,2.7,0.52,0.05,1.97
2234,2020-09-24,9.68,9.24,9.7,9.23,94807,89013339.0,4.86,-4.55,-0.44,2.62
2235,2020-09-25,9.33,9.1,9.35,9.04,64384,58857225.0,3.35,-1.52,-0.14,1.78
2236,2020-09-28,9.12,8.93,9.17,8.9,52314,47058286.0,2.97,-1.87,-0.17,1.45
2237,2020-09-29,9.0,9.16,9.33,8.95,56783,51929173.0,4.26,2.58,0.23,1.57
2238,2020-09-30,9.16,8.98,9.18,8.94,44470,40298891.0,2.62,-1.97,-0.18,1.23
2239,2020-10-09,9.14,9.26,9.35,9.08,50033,46285816.0,3.01,3.12,0.28,1.38
2240,2020-10-12,9.28,9.64,9.66,9.28,67793,64440452.0,4.1,4.1,0.38,1.87
2241,2020-10-13,9.58,9.66,9.7,9.52,67680,65055952.0,1.87,0.21,0.02,1.87
2242,2020-10-14,9.66,9.48,9.7,9.45,58153,55404384.0,2.59,-1.86,-0.18,1.61
2243,2020-10-15,9.5,9.4,9.57,9.38,47166,44564172.0,2.0,-0.84,-0.08,1.3
2244,2020-10-16,9.38,9.46,9.49,9.32,45141,42428657.0,1.81,0.64,0.06,1.25
2245,2020-10-19,9.47,9.27,9.54,9.26,52314,48963854.0,2.96,-2.01,-0.19,1.45
2246,2020-10-20,9.27,9.36,9.37,9.12,43088,39789161.0,2.7,0.97,0.09,1.19
2247,2020-10-21,9.35,9.12,9.35,9.06,50458,46235985.0,3.1,-2.56,-0.24,1.39
2248,2020-10-22,9.11,9.17,9.23,8.96,51687,47017378.0,2.96,0.55,0.05,1.43
2249,2020-10-23,9.24,9.04,9.24,8.99,34995,31833640.0,2.73,-1.42,-0.13,0.97
2250,2020-10-26,8.97,9.09,9.17,8.96,29840,27067373.0,2.32,0.55,0.05,0.82
2251,2020-10-27,9.1,9.31,9.37,9.04,50111,46278125.0,3.63,2.42,0.22,1.38
2252,2020-10-28,9.3,9.33,9.33,9.11,42019,38880880.0,2.36,0.21,0.02,1.16
2253,2020-10-29,9.24,9.63,9.69,9.16,90146,85694949.0,5.68,3.22,0.3,2.49
2254,2020-10-30,9.62,9.02,9.64,9.02,123709,115239169.0,6.44,-6.33,-0.61,3.42
2255,2020-11-02,9.0,9.4,9.54,8.88,110271,102319460.0,7.32,4.21,0.38,3.05
2256,2020-11-03,9.41,9.39,9.49,9.32,61803,58007731.0,1.81,-0.11,-0.01,1.71
2257,2020-11-04,9.4,9.25,9.42,9.11,43500,40197922.0,3.3,-1.49,-0.14,1.2
2258,2020-11-05,9.28,9.43,9.44,9.23,60828,56827110.0,2.27,1.95,0.18,1.68
2259,2020-11-06,9.4,9.2,9.43,9.12,47515,43822567.0,3.29,-2.44,-0.23,1.31
2260,2020-11-09,9.21,9.3,9.38,9.19,51494,47891252.0,2.07,1.09,0.1,1.42
2261,2020-11-10,9.35,9.08,9.35,9.05,51472,47201796.0,3.23,-2.37,-0.22,1.42
2262,2020-11-11,9.06,9.01,9.17,9.0,45718,41513791.0,1.87,-0.77,-0.07,1.26
2263,2020-11-12,9.01,8.8,9.06,8.69,68918,61124738.0,4.11,-2.33,-0.21,1.9
2264,2020-11-13,8.79,8.85,8.89,8.72,36775,32342390.0,1.93,0.57,0.05,1.02
2265,2020-11-16,8.85,9.12,9.15,8.82,52961,47828415.0,3.73,3.05,0.27,1.46
2266,2020-11-17,9.13,9.17,9.4,9.07,94851,87732780.0,3.62,0.55,0.05,2.62
2267,2020-11-18,9.17,9.41,9.45,9.1,93551,87086919.0,3.82,2.62,0.24,2.58
2268,2020-11-19,9.6,9.51,9.98,9.47,156628,151002584.0,5.42,1.06,0.1,4.33
2269,2020-11-20,9.49,9.34,9.6,9.25,87740,81969368.0,3.68,-1.79,-0.17,2.42
2270,2020-11-23,9.27,9.33,9.46,9.16,73531,68516826.0,3.21,-0.11,-0.01,2.03
2271,2020-11-24,9.44,9.14,9.44,9.13,64658,59662170.0,3.32,-2.04,-0.19,1.79
2272,2020-11-25,9.15,9.05,9.22,9.01,44518,40509698.0,2.3,-0.98,-0.09,1.23
2273,2020-11-26,9.05,9.09,9.11,8.88,39469,35461842.0,2.54,0.44,0.04,1.09
2274,2020-11-27,9.08,9.03,9.12,8.9,28543,25646288.0,2.42,-0.66,-0.06,0.79
2275,2020-11-30,9.06,9.05,9.21,9.05,35789,32695307.0,1.77,0.22,0.02,0.99
2276,2020-12-01,9.0,9.17,9.22,9.0,37336,34157347.0,2.43,1.33,0.12,1.03
2277,2020-12-02,9.18,9.13,9.2,9.08,26492,24205838.0,1.31,-0.44,-0.04,0.73
2278,2020-12-03,9.13,9.05,9.13,9.02,25375,22978607.0,1.2,-0.88,-0.08,0.7
2279,2020-12-04,9.08,9.0,9.08,9.0,20253,18274263.0,0.88,-0.55,-0.05,0.56
2280,2020-12-07,9.01,8.8,9.02,8.78,54044,47818506.0,2.67,-2.22,-0.2,1.49
2281,2020-12-08,8.78,8.84,8.84,8.71,19957,17539251.0,1.48,0.45,0.04,0.55
2282,2020-12-09,8.84,8.7,8.9,8.68,25580,22421509.0,2.49,-1.58,-0.14,0.71
2283,2020-12-10,8.73,8.69,8.77,8.65,16440,14295064.0,1.38,-0.11,-0.01,0.45
2284,2020-12-11,8.67,8.39,8.71,8.27,47101,39624255.0,5.06,-3.45,-0.3,1.3
2285,2020-12-14,8.39,8.39,8.47,8.31,17376,14607369.0,1.91,0.0,0.0,0.48
2286,2020-12-15,8.41,8.47,8.54,8.34,25965,21946985.0,2.38,0.95,0.08,0.72
2287,2020-12-16,8.55,8.38,8.55,8.34,17937,15033951.0,2.48,-1.06,-0.09,0.5
2288,2020-12-17,8.4,8.38,8.41,8.23,25472,21245915.0,2.15,0.0,0.0,0.7
2289,2020-12-18,8.4,8.48,8.5,8.28,29181,24552550.0,2.63,1.19,0.1,0.81
2290,2020-12-21,8.4,8.56,8.59,8.35,23435,19810973.0,2.83,0.94,0.08,0.65
2291,2020-12-22,8.56,8.31,8.58,8.31,22471,18971680.0,3.15,-2.92,-0.25,0.62
2292,2020-12-23,8.36,8.38,8.43,8.29,16127,13488071.0,1.68,0.84,0.07,0.45
2293,2020-12-24,8.43,8.1,8.43,8.08,31400,25687439.0,4.18,-3.34,-0.28,0.87
2294,2020-12-25,8.08,8.5,8.56,8.06,32950,27348859.0,6.17,4.94,0.4,0.91
2295,2020-12-28,8.52,8.36,8.52,8.35,18854,15822948.0,2.0,-1.65,-0.14,0.52
2296,2020-12-29,8.43,8.28,8.48,8.28,14261,11966259.0,2.39,-0.96,-0.08,0.39
2297,2020-12-30,8.33,8.27,8.37,8.26,17248,14318287.0,1.33,-0.12,-0.01,0.48
2298,2020-12-31,8.29,8.39,8.4,8.29,15715,13144574.0,1.33,1.45,0.12,0.43
2299,2021-01-04,8.4,8.44,8.48,8.34,18965,15997780.0,1.67,0.6,0.05,0.52
2300,2021-01-05,8.47,8.41,8.47,8.3,21244,17798551.0,2.01,-0.36,-0.03,0.59
2301,2021-01-06,8.36,8.28,8.47,8.24,19622,16299097.0,2.73,-1.55,-0.13,0.54
2302,2021-01-07,8.29,8.11,8.29,8.07,28256,22971122.0,2.66,-2.05,-0.17,0.78
2303,2021-01-08,8.17,8.12,8.24,7.95,21367,17284928.0,3.58,0.12,0.01,0.59
2304,2021-01-11,8.19,7.89,8.19,7.86,26857,21444924.0,4.06,-2.83,-0.23,0.74
2305,2021-01-12,7.85,7.86,7.94,7.8,22061,17327714.0,1.77,-0.38,-0.03,0.61
2306,2021-01-13,7.89,7.64,7.89,7.58,25756,19748972.0,3.94,-2.8,-0.22,0.71
2307,2021-01-14,7.68,7.73,7.78,7.53,16548,12640251.0,3.27,1.18,0.09,0.46
2308,2021-01-15,7.74,7.93,7.96,7.72,27394,21587182.0,3.1,2.59,0.2,0.76
2309,2021-01-18,8.05,7.99,8.15,7.96,20379,16407849.0,2.4,0.76,0.06,0.56
2310,2021-01-19,8.01,7.97,8.09,7.91,21953,17558485.0,2.25,-0.25,-0.02,0.61
2311,2021-01-20,7.98,8.02,8.05,7.91,11011,8773829.0,1.76,0.63,0.05,0.3
2312,2021-01-21,8.06,7.99,8.06,7.93,14452,11544886.0,1.62,-0.37,-0.03,0.4
2313,2021-01-22,7.93,7.74,7.97,7.7,21951,17063332.0,3.38,-3.13,-0.25,0.61
2314,2021-01-25,7.74,7.48,7.74,7.45,38812,29240775.0,3.75,-3.36,-0.26,1.07
2315,2021-01-26,7.43,7.38,7.52,7.34,15515,11497218.0,2.41,-1.34,-0.1,0.43
2316,2021-01-27,7.38,7.54,7.6,7.35,22788,17156421.0,3.39,2.17,0.16,0.63
2317,2021-01-28,7.51,7.74,7.84,7.5,32327,25005706.0,4.51,2.65,0.2,0.89
2318,2021-01-29,7.82,7.85,7.85,7.66,26419,20476528.0,2.45,1.42,0.11,0.73
2319,2021-02-01,7.72,7.72,7.84,7.64,25438,19575653.0,2.55,-1.66,-0.13,0.7
2320,2021-02-02,7.76,7.66,7.89,7.66,21927,16907792.0,2.98,-0.78,-0.06,0.61
2321,2021-02-03,7.67,7.68,7.85,7.62,22081,17045569.0,3.0,0.26,0.02,0.61
2322,2021-02-04,7.78,7.51,7.79,7.4,20207,15227416.0,5.08,-2.21,-0.17,0.56
2323,2021-02-05,7.65,7.4,7.65,7.34,14860,11102949.0,4.13,-1.46,-0.11,0.41
2324,2021-02-08,7.49,7.41,7.54,7.31,12414,9213153.0,3.11,0.14,0.01,0.34
2325,2021-02-09,7.47,7.47,7.54,7.35,15636,11624589.0,2.56,0.81,0.06,0.43
2326,2021-02-10,7.48,7.5,7.52,7.43,11176,8358627.0,1.2,0.4,0.03,0.31
2327,2021-02-18,7.59,7.66,7.7,7.51,16749,12805144.0,2.53,2.13,0.16,0.46
2328,2021-02-19,7.72,8.16,8.37,7.66,50079,40602188.0,9.27,6.53,0.5,1.38
2329,2021-02-22,8.1,8.34,8.45,8.08,48791,40500884.0,4.53,2.21,0.18,1.35
2330,2021-02-23,8.3,8.16,8.4,8.11,35746,29356275.0,3.48,-2.16,-0.18,0.99
2331,2021-02-24,8.26,8.27,8.4,8.22,44461,36938702.0,2.21,1.35,0.11,1.23
2332,2021-02-25,8.39,8.26,8.4,8.21,31893,26424190.0,2.3,-0.12,-0.01,0.88
2333,2021-02-26,8.26,8.2,8.28,8.1,22415,18389043.0,2.18,-0.73,-0.06,0.62
2334,2021-03-01,8.36,8.31,8.36,8.16,60017,49535096.0,2.44,1.34,0.11,1.66
2335,2021-03-02,8.17,7.89,8.21,7.74,81300,64002042.0,5.66,-5.05,-0.42,2.25
2336,2021-03-03,7.87,7.83,7.93,7.75,63186,49458528.0,2.28,-0.76,-0.06,1.75
2337,2021-03-04,7.84,7.73,7.86,7.72,37984,29597534.0,1.79,-1.28,-0.1,1.05
2338,2021-03-05,7.69,7.76,7.81,7.69,28608,22180169.0,1.55,0.39,0.03,0.79
2339,2021-03-08,7.77,7.74,7.89,7.74,26725,20866881.0,1.93,-0.26,-0.02,0.74
2340,2021-03-09,7.75,7.56,7.76,7.45,28518,21621751.0,4.01,-2.33,-0.18,0.79
2341,2021-03-10,7.66,7.45,7.66,7.42,21410,16059307.0,3.17,-1.46,-0.11,0.59
2342,2021-03-11,7.47,7.56,7.57,7.41,21138,15890236.0,2.15,1.48,0.11,0.58
2343,2021-03-12,7.6,7.56,7.6,7.47,15874,11957869.0,1.72,0.0,0.0,0.44
2344,2021-03-15,7.57,7.67,7.69,7.51,21445,16351936.0,2.38,1.46,0.11,0.59
2345,2021-03-16,7.69,7.69,7.71,7.59,14393,11018545.0,1.56,0.26,0.02,0.4
2346,2021-03-17,7.68,7.7,7.72,7.63,18131,13915350.0,1.17,0.13,0.01,0.5
2347,2021-03-18,7.72,7.67,7.76,7.65,18244,14051526.0,1.43,-0.39,-0.03,0.5
2348,2021-03-19,7.62,7.58,7.66,7.52,20811,15813708.0,1.83,-1.17,-0.09,0.57
2349,2021-03-22,7.58,7.66,7.7,7.55,18171,13908343.0,1.98,1.06,0.08,0.5
2350,2021-03-23,7.68,7.55,7.69,7.5,22865,17332232.0,2.48,-1.44,-0.11,0.63
2351,2021-03-24,7.51,7.48,7.57,7.41,16791,12558653.0,2.12,-0.93,-0.07,0.46
2352,2021-03-25,7.52,7.5,7.53,7.43,9840,7366097.0,1.34,0.27,0.02,0.27
2353,2021-03-26,7.52,7.57,7.58,7.46,14321,10802024.0,1.6,0.93,0.07,0.4
2354,2021-03-29,7.54,7.58,7.62,7.53,12770,9675974.0,1.19,0.13,0.01,0.35
2355,2021-03-30,7.6,7.46,7.6,7.42,14978,11198609.0,2.37,-1.58,-0.12,0.41
2356,2021-03-31,7.38,7.45,7.52,7.38,13793,10252368.0,1.88,-0.13,-0.01,0.38
2357,2021-04-01,7.41,7.45,7.5,7.41,14010,10428750.0,1.21,0.0,0.0,0.38
2358,2021-04-02,7.46,7.45,7.49,7.36,15485,11482378.0,1.74,0.0,0.0,0.42
2359,2021-04-06,7.48,7.58,7.59,7.42,18497,13917732.0,2.28,1.74,0.13,0.51
2360,2021-04-07,7.53,7.59,7.6,7.46,13410,10153325.0,1.85,0.13,0.01,0.37
2361,2021-04-08,7.55,7.53,7.61,7.53,11733,8864218.0,1.05,-0.79,-0.06,0.32
2362,2021-04-09,7.51,7.54,7.56,7.47,15542,11664668.0,1.2,0.13,0.01,0.43
2363,2021-04-12,7.5,7.42,7.57,7.4,13599,10160939.0,2.25,-1.59,-0.12,0.37
2364,2021-04-13,7.5,7.4,7.5,7.37,9538,7069916.0,1.75,-0.27,-0.02,0.26
2365,2021-04-14,7.4,7.48,7.49,7.38,11801,8787555.0,1.49,1.08,0.08,0.32
2366,2021-04-15,7.4,7.47,7.51,7.4,8849,6601495.0,1.47,-0.13,-0.01,0.24
2367,2021-04-16,7.57,7.54,7.57,7.4,13872,10437700.0,2.28,0.94,0.07,0.38
2368,2021-04-19,7.51,7.65,7.66,7.51,21498,16376828.0,1.99,1.46,0.11,0.59
2369,2021-04-20,7.6,7.77,7.8,7.6,32878,25374373.0,2.61,1.57,0.12,0.9
2370,2021-04-21,7.77,7.74,7.87,7.72,34215,26682969.0,1.93,-0.39,-0.03,0.94
2371,2021-04-22,7.79,7.74,7.84,7.71,16203,12552792.0,1.68,0.0,0.0,0.44
2372,2021-04-23,7.77,7.68,7.77,7.63,11592,8892452.0,1.81,-0.78,-0.06,0.32
2373,2021-04-26,7.71,7.61,7.72,7.58,17547,13401205.0,1.82,-0.91,-0.07,0.48
2374,2021-04-27,7.61,7.6,7.68,7.53,13261,10042433.0,1.97,-0.13,-0.01,0.36
2375,2021-04-28,7.72,7.49,7.73,7.46,20203,15237049.0,3.55,-1.45,-0.11,0.55
2376,2021-04-29,7.38,7.4,7.44,7.35,20612,15245202.0,1.2,-1.2,-0.09,0.57
2377,2021-04-30,7.51,7.4,7.51,7.36,11909,8819955.0,2.03,0.0,0.0,0.33
2378,2021-05-06,7.39,7.33,7.48,7.31,12385,9109971.0,2.3,-0.95,-0.07,0.34
2379,2021-05-07,7.37,7.23,7.37,7.21,13909,10103629.0,2.18,-1.36,-0.1,0.38
2380,2021-05-10,7.28,7.28,7.32,7.19,8506,6180986.0,1.8,0.69,0.05,0.23
2381,2021-05-11,7.39,7.26,7.39,7.23,10599,7702225.0,2.2,-0.27,-0.02,0.29
2382,2021-05-12,7.24,7.31,7.36,7.21,12399,9012817.0,2.07,0.69,0.05,0.34
2383,2021-05-13,7.32,7.27,7.38,7.26,16757,12264740.0,1.64,-0.55,-0.04,0.46
2384,2021-05-14,7.33,7.34,7.36,7.3,13565,9942772.0,0.83,0.96,0.07,0.37
2385,2021-05-17,7.4,7.22,7.4,7.2,14910,10867807.0,2.72,-1.63,-0.12,0.41
2386,2021-05-18,7.28,7.21,7.3,7.19,14855,10741371.0,1.52,-0.14,-0.01,0.41
2387,2021-05-19,7.22,7.22,7.24,7.19,16203,11685754.0,0.69,0.14,0.01,0.44
2388,2021-05-20,7.25,7.12,7.25,7.06,19689,14016205.0,2.63,-1.39,-0.1,0.54
2389,2021-05-21,7.09,7.11,7.17,7.07,14618,10396879.0,1.4,-0.14,-0.01,0.4
2390,2021-05-24,7.15,7.05,7.15,7.04,16486,11658128.0,1.55,-0.84,-0.06,0.45
2391,2021-05-25,7.11,7.09,7.11,7.01,18609,13118349.0,1.42,0.57,0.04,0.51
2392,2021-05-26,7.13,7.13,7.16,7.08,18948,13512086.0,1.13,0.56,0.04,0.52
2393,2021-05-27,7.15,7.23,7.23,7.13,17968,12935126.0,1.4,1.4,0.1,0.49
2394,2021-05-28,7.2,7.2,7.27,7.08,21418,15400470.0,2.63,-0.41,-0.03,0.59
2395,2021-05-31,7.25,7.23,7.27,7.17,16202,11669787.0,1.39,0.42,0.03,0.44
2396,2021-06-01,7.2,7.24,7.28,7.18,16584,11981509.0,1.38,0.14,0.01,0.46
2397,2021-06-02,7.19,7.14,7.23,7.12,13027,9335280.0,1.52,-1.38,-0.1,0.36
2398,2021-06-03,7.16,7.09,7.18,7.09,14075,10049699.0,1.26,-0.7,-0.05,0.39
2399,2021-06-04,7.09,7.18,7.2,7.06,16373,11656675.0,1.97,1.27,0.09,0.45
2400,2021-06-07,7.18,7.18,7.23,7.12,10726,7677875.0,1.53,0.0,0.0,0.29
2401,2021-06-08,7.21,7.12,7.21,7.1,9729,6941365.0,1.53,-0.84,-0.06,0.27
2402,2021-06-09,7.12,7.15,7.19,7.08,11999,8578270.0,1.54,0.42,0.03,0.33
2403,2021-06-10,7.15,7.15,7.17,7.09,15128,10780164.0,1.12,0.0,0.0,0.42
2404,2021-06-11,7.17,7.11,7.17,7.09,14600,10404575.0,1.12,-0.56,-0.04,0.4
2405,2021-06-15,7.08,6.92,7.11,6.91,26777,18649926.0,2.81,-2.67,-0.19,0.73
2406,2021-06-16,6.92,6.82,6.94,6.81,15765,10839733.0,1.88,-1.45,-0.1,0.43
2407,2021-06-17,6.82,6.94,6.97,6.77,18944,13060730.0,2.93,1.76,0.12,0.52
2408,2021-06-18,6.97,6.94,6.99,6.89,8260,5719721.0,1.44,0.0,0.0,0.23
2409,2021-06-21,6.94,6.9,6.99,6.88,12042,8328730.0,1.59,-0.58,-0.04,0.33
2410,2021-06-22,6.9,6.88,6.94,6.86,13853,9543136.0,1.16,-0.29,-0.02,0.38
2411,2021-06-23,6.82,7.21,7.45,6.82,73011,52793073.0,9.16,4.8,0.33,2.0
2412,2021-06-24,7.12,7.13,7.16,7.05,27833,19763526.0,1.53,-1.11,-0.08,0.76
2413,2021-06-25,7.13,7.12,7.15,7.08,16756,11919753.0,0.98,-0.14,-0.01,0.46
2414,2021-06-28,7.14,7.3,7.54,7.12,47493,34838224.0,5.9,2.53,0.18,1.3
2415,2021-06-29,7.27,7.13,7.27,7.1,29684,21225141.0,2.33,-2.33,-0.17,0.81
2416,2021-06-30,7.15,7.12,7.15,7.09,15350,10920771.0,0.84,-0.14,-0.01,0.42
2417,2021-07-01,7.11,6.97,7.14,6.96,18572,13126509.0,2.53,-2.11,-0.15,0.51
2418,2021-07-02,6.99,6.97,7.05,6.9,11135,7733777.0,2.15,0.0,0.0,0.31
2419,2021-07-05,6.95,6.91,6.96,6.85,21376,14739192.0,1.58,-0.86,-0.06,0.59
2420,2021-07-06,6.91,6.93,6.94,6.86,20334,14029200.0,1.16,0.29,0.02,0.56
2421,2021-07-07,6.93,6.94,7.03,6.92,16102,11220240.0,1.59,0.14,0.01,0.44
2422,2021-07-08,6.94,6.87,6.99,6.86,16503,11384460.0,1.87,-1.01,-0.07,0.45
2423,2021-07-09,6.86,7.0,7.01,6.84,18936,13145297.0,2.47,1.89,0.13,0.52
2424,2021-07-12,7.01,7.05,7.15,6.96,23893,16873511.0,2.71,0.71,0.05,0.66
2425,2021-07-13,7.05,7.09,7.09,6.99,15871,11164274.0,1.42,0.57,0.04,0.44
2426,2021-07-14,7.1,6.97,7.13,6.88,23013,16202933.0,3.53,-1.69,-0.12,0.63
2427,2021-07-15,6.95,6.91,6.96,6.84,16075,11082063.0,1.72,-0.86,-0.06,0.44
2428,2021-07-16,6.88,6.88,6.93,6.85,12414,8551296.0,1.16,-0.43,-0.03,0.34
2429,2021-07-19,6.9,6.88,6.93,6.81,15380,10548079.0,1.74,0.0,0.0,0.42
2430,2021-07-20,6.88,7.1,7.11,6.8,46013,32299445.0,4.51,3.2,0.22,1.26
2431,2021-07-21,7.1,7.08,7.13,7.01,27172,19217031.0,1.69,-0.28,-0.02,0.75
2432,2021-07-22,7.04,7.16,7.19,7.03,36620,26104946.0,2.26,1.13,0.08,1.0
2433,2021-07-23,7.1,7.05,7.2,7.03,30082,21402994.0,2.37,-1.54,-0.11,0.83
2434,2021-07-26,7.02,6.97,7.07,6.86,22860,15888359.0,2.98,-1.13,-0.08,0.63
2435,2021-07-27,6.97,6.84,7.04,6.82,21620,14947001.0,3.16,-1.87,-0.13,0.59
2436,2021-07-28,6.83,6.65,6.83,6.4,22183,14704651.0,6.29,-2.78,-0.19,0.61
2437,2021-07-29,6.72,6.66,6.74,6.65,15610,10419815.0,1.35,0.15,0.01,0.43
2438,2021-07-30,6.66,6.84,6.97,6.6,24102,16345682.0,5.56,2.7,0.18,0.66
2439,2021-08-02,6.81,6.88,6.91,6.8,13228,9070930.0,1.61,0.58,0.04,0.36
2440,2021-08-03,6.87,6.91,6.96,6.85,15675,10824635.0,1.6,0.44,0.03,0.43
2441,2021-08-04,6.88,6.92,6.95,6.86,12491,8642475.0,1.3,0.14,0.01,0.34
2442,2021-08-05,6.89,6.82,6.91,6.78,25733,17576928.0,1.88,-1.45,-0.1,0.71
2443,2021-08-06,6.84,6.87,6.87,6.77,15052,10269614.0,1.47,0.73,0.05,0.41
2444,2021-08-09,6.85,6.88,6.92,6.83,16131,11107405.0,1.31,0.15,0.01,0.44
2445,2021-08-10,6.94,7.14,7.44,6.92,76947,55348334.0,7.56,3.78,0.26,2.11
2446,2021-08-11,7.11,7.25,7.38,7.1,62246,45202604.0,3.92,1.54,0.11,1.71
2447,2021-08-12,7.24,7.25,7.29,7.2,30925,22376812.0,1.24,0.0,0.0,0.85
2448,2021-08-13,7.26,7.29,7.37,7.26,44982,32853134.0,1.52,0.55,0.04,1.23
2449,2021-08-16,7.32,7.22,7.38,7.16,37366,27021585.0,3.02,-0.96,-0.07,1.03
2450,2021-08-17,7.22,7.1,7.27,7.09,27454,19690312.0,2.49,-1.66,-0.12,0.75
2451,2021-08-18,7.15,7.17,7.18,7.08,25849,18456168.0,1.41,0.99,0.07,0.71
2452,2021-08-19,7.17,7.12,7.18,7.08,20373,14493977.0,1.39,-0.7,-0.05,0.56
2453,2021-08-20,7.12,7.01,7.12,6.91,24441,17030949.0,2.95,-1.54,-0.11,0.67
2454,2021-08-23,7.07,7.25,7.29,7.02,35327,25441426.0,3.85,3.42,0.24,0.97
2455,2021-08-24,7.27,7.39,7.44,7.2,54462,40147598.0,3.31,1.93,0.14,1.49
2456,2021-08-25,7.41,7.41,7.43,7.32,28670,21177207.0,1.49,0.27,0.02,0.79
2457,2021-08-26,7.4,7.44,7.48,7.33,32618,24220916.0,2.02,0.4,0.03,0.89
2458,2021-08-27,7.44,7.45,7.47,7.32,28534,21120955.0,2.02,0.13,0.01,0.78
2459,2021-08-30,7.4,7.21,7.4,7.14,48255,34919800.0,3.49,-3.22,-0.24,1.32
2460,2021-08-31,7.17,7.18,7.25,7.15,21975,15795466.0,1.39,-0.42,-0.03,0.6
2461,2021-09-01,7.16,7.18,7.27,7.07,32961,23598419.0,2.79,0.0,0.0,0.9
2462,2021-09-02,7.17,7.19,7.2,7.09,20739,14844087.0,1.53,0.14,0.01,0.57
2463,2021-09-03,7.2,7.41,7.46,7.16,52318,38376754.0,4.17,3.06,0.22,1.44
2464,2021-09-06,7.42,7.46,7.48,7.28,47291,34856405.0,2.7,0.67,0.05,1.3
2465,2021-09-07,7.46,7.5,7.52,7.35,54217,40354525.0,2.28,0.54,0.04,1.49
2466,2021-09-08,7.49,7.85,8.08,7.42,125567,98273412.0,8.8,4.67,0.35,3.45
2467,2021-09-09,7.79,7.86,7.93,7.68,81141,63550505.0,3.18,0.13,0.01,2.23
2468,2021-09-10,7.86,7.69,7.87,7.62,58063,44921040.0,3.18,-2.16,-0.17,1.59
2469,2021-09-13,7.67,8.11,8.16,7.57,99133,78572845.0,7.67,5.46,0.42,2.72
2470,2021-09-14,8.12,7.8,8.15,7.76,80180,63388674.0,4.81,-3.82,-0.31,2.2
2471,2021-09-15,7.75,7.86,7.9,7.75,48886,38327514.0,1.92,0.77,0.06,1.34
2472,2021-09-16,7.97,8.18,8.56,7.97,163608,134923199.0,7.51,4.07,0.32,4.49
2473,2021-09-17,8.18,8.22,8.39,7.99,123320,101177040.0,4.89,0.49,0.04,3.38
2474,2021-09-22,8.71,9.86,9.86,8.71,567689,549694192.0,13.99,19.95,1.64,15.58
2475,2021-09-23,9.39,8.79,9.48,8.78,492238,447164288.0,7.1,-10.85,-1.07,13.51
2476,2021-09-24,8.57,8.18,8.63,8.13,276374,231355144.0,5.69,-6.94,-0.61,7.58
2477,2021-09-27,8.12,7.79,8.13,7.5,185128,144988866.0,7.7,-4.77,-0.39,5.08
2478,2021-09-28,7.74,7.84,7.89,7.63,111819,86865054.0,3.34,0.64,0.05,3.07
2479,2021-09-29,7.74,7.41,7.77,7.36,103449,77964779.0,5.23,-5.48,-0.43,2.84
2480,2021-09-30,7.48,7.54,7.59,7.4,66714,50045039.0,2.56,1.75,0.13,1.83
2481,2021-10-08,7.58,7.62,7.7,7.46,75512,57297503.0,3.18,1.06,0.08,2.07
2482,2021-10-11,7.66,7.5,7.74,7.48,57843,43661765.0,3.41,-1.57,-0.12,1.59
2483,2021-10-12,7.45,7.39,7.6,7.32,52193,38789591.0,3.73,-1.47,-0.11,1.43
2484,2021-10-13,7.39,7.32,7.44,7.2,47319,34558938.0,3.25,-0.95,-0.07,1.3
2485,2021-10-14,7.37,7.35,7.39,7.21,38621,28213169.0,2.46,0.41,0.03,1.06
2486,2021-10-15,7.35,7.12,7.35,7.1,50464,36407201.0,3.4,-3.13,-0.23,1.38
2487,2021-10-18,7.15,7.25,7.25,7.07,29753,21377656.0,2.53,1.83,0.13,0.82
2488,2021-10-19,7.25,7.2,7.28,7.16,26544,19148682.0,1.66,-0.69,-0.05,0.73
2489,2021-10-20,7.2,7.1,7.2,7.09,37390,26600148.0,1.53,-1.39,-0.1,1.03
2490,2021-10-21,7.15,7.18,7.27,7.06,34784,24926471.0,2.96,1.13,0.08,0.95
2491,2021-10-22,7.17,7.11,7.21,7.07,34650,24672255.0,1.95,-0.97,-0.07,0.95
2492,2021-10-25,7.07,6.94,7.08,6.89,44946,31265883.0,2.67,-2.39,-0.17,1.23
2493,2021-10-26,6.9,6.99,7.05,6.89,24864,17322382.0,2.31,0.72,0.05,0.68
2494,2021-10-27,6.95,6.95,7.02,6.88,28791,19915053.0,2.0,-0.57,-0.04,0.79
2495,2021-10-28,6.95,6.7,6.95,6.67,28783,19517656.0,4.03,-3.6,-0.25,0.79
2496,2021-10-29,6.77,6.8,6.81,6.68,19011,12849662.0,1.94,1.49,0.1,0.52
2497,2021-11-01,6.8,6.93,6.94,6.77,17980,12386352.0,2.5,1.91,0.13,0.49
2498,2021-11-02,6.93,6.76,6.95,6.74,23571,16054334.0,3.03,-2.45,-0.17,0.65
2499,2021-11-03,6.8,6.85,6.86,6.72,19657,13357898.0,2.07,1.33,0.09,0.54
2500,2021-11-04,6.84,6.98,6.99,6.78,24652,17067578.0,3.07,1.9,0.13,0.68
2501,2021-11-05,6.94,6.98,7.02,6.92,16661,11607161.0,1.43,0.0,0.0,0.46
2502,2021-11-08,6.99,7.15,7.15,6.92,32922,23263228.0,3.3,2.44,0.17,0.9
2503,2021-11-09,7.15,7.1,7.15,7.05,24792,17571150.0,1.4,-0.7,-0.05,0.68
2504,2021-11-10,7.12,7.65,7.99,7.12,162232,122206156.0,12.25,7.75,0.55,4.45
2505,2021-11-11,7.49,7.65,7.67,7.3,123085,92682979.0,4.84,0.0,0.0,3.38
2506,2021-11-12,7.56,7.5,7.63,7.4,67005,50039522.0,3.01,-1.96,-0.15,1.84
2507,2021-11-15,7.48,7.55,7.56,7.35,57597,43035424.0,2.8,0.67,0.05,1.58
2508,2021-11-16,7.5,7.33,7.53,7.3,53667,39822424.0,3.05,-2.91,-0.22,1.47
2509,2021-11-17,7.33,7.41,7.43,7.29,26754,19762472.0,1.91,1.09,0.08,0.73
2510,2021-11-18,7.42,7.3,7.44,7.3,28120,20686663.0,1.89,-1.48,-0.11,0.77
2511,2021-11-19,7.3,7.44,7.44,7.25,32287,23854119.0,2.6,1.92,0.14,0.89
2512,2021-11-22,7.45,7.49,7.6,7.42,38401,28785161.0,2.42,0.67,0.05,1.05
2513,2021-11-23,7.49,7.7,7.7,7.46,51218,38869655.0,3.2,2.8,0.21,1.41
2514,2021-11-24,7.65,7.62,7.7,7.57,37807,28809837.0,1.69,-1.04,-0.08,1.04
2515,2021-11-25,7.59,7.63,7.69,7.52,34651,26338484.0,2.23,0.13,0.01,0.95
2516,2021-11-26,7.63,7.52,7.63,7.48,27810,20909662.0,1.97,-1.44,-0.11,0.76
2517,2021-11-29,7.34,7.59,7.63,7.34,37068,27975839.0,3.86,0.93,0.07,1.02
2518,2021-11-30,7.56,7.69,7.79,7.55,62525,48171911.0,3.16,1.32,0.1,1.72
2519,2021-12-01,7.78,7.81,7.83,7.67,49682,38597941.0,2.08,1.56,0.12,1.36
2520,2021-12-02,7.77,7.82,7.86,7.7,45233,35191370.0,2.05,0.13,0.01,1.24
2521,2021-12-03,7.75,7.63,7.82,7.53,55910,42592235.0,3.71,-2.43,-0.19,1.53
2522,2021-12-06,7.61,7.38,7.65,7.34,49843,37178040.0,4.06,-3.28,-0.25,1.37
2523,2021-12-07,7.39,7.25,7.44,7.2,38863,28319958.0,3.25,-1.76,-0.13,1.07
2524,2021-12-08,7.22,7.46,7.47,7.22,41129,30382130.0,3.45,2.9,0.21,1.13
2525,2021-12-09,7.42,7.5,7.62,7.42,35278,26479415.0,2.68,0.54,0.04,0.97
2526,2021-12-10,7.49,7.47,7.52,7.42,18025,13440982.0,1.33,-0.4,-0.03,0.49
2527,2021-12-13,7.45,7.4,7.47,7.37,18732,13888557.0,1.34,-0.94,-0.07,0.51
2528,2021-12-14,7.39,7.39,7.46,7.34,32593,24076046.0,1.62,-0.14,-0.01,0.89
2529,2021-12-15,7.39,7.45,7.47,7.37,20395,15145612.0,1.35,0.81,0.06,0.56
2530,2021-12-16,7.47,7.72,7.74,7.46,62372,47587411.0,3.76,3.62,0.27,1.71
2531,2021-12-17,7.73,7.75,7.77,7.61,42923,33082428.0,2.07,0.39,0.03,1.18
2532,2021-12-20,7.71,7.71,7.86,7.67,54788,42593628.0,2.45,-0.52,-0.04,1.5
2533,2021-12-21,7.82,7.85,7.93,7.73,49325,38577798.0,2.59,1.82,0.14,1.35
2534,2021-12-22,7.86,7.71,7.93,7.71,41900,32641847.0,2.8,-1.78,-0.14,1.15
2535,2021-12-23,7.71,7.62,7.72,7.6,37049,28329881.0,1.56,-1.17,-0.09,1.02
2536,2021-12-24,7.61,7.44,7.68,7.4,30869,23075033.0,3.67,-2.36,-0.18,0.85
2537,2021-12-27,7.44,7.47,7.55,7.39,18751,14019907.0,2.15,0.4,0.03,0.51
2538,2021-12-28,7.47,7.57,7.6,7.44,27960,21086006.0,2.14,1.34,0.1,0.77
2539,2021-12-29,7.56,7.6,7.68,7.5,29245,22234185.0,2.38,0.4,0.03,0.8
2540,2021-12-30,7.64,7.59,7.67,7.57,25032,19074120.0,1.32,-0.13,-0.01,0.69
2541,2021-12-31,7.59,7.71,7.71,7.58,34997,26830094.0,1.71,1.58,0.12,0.96
2542,2022-01-04,7.79,7.82,7.84,7.68,45737,35591014.0,2.08,1.43,0.11,1.25
2543,2022-01-05,7.83,7.71,7.83,7.69,30700,23748417.0,1.79,-1.41,-0.11,0.84
2544,2022-01-06,7.7,7.8,7.86,7.69,31589,24642877.0,2.2,1.17,0.09,0.87
2545,2022-01-07,7.82,7.76,7.85,7.73,36950,28785967.0,1.54,-0.51,-0.04,1.01
2546,2022-01-10,7.73,8.5,8.5,7.73,230493,189187323.0,9.92,9.54,0.74,6.32
2547,2022-01-11,8.59,8.3,8.6,8.22,121733,101613537.0,4.47,-2.35,-0.2,3.34
2548,2022-01-12,8.39,8.6,8.7,8.18,154532,131560821.0,6.27,3.61,0.3,4.24
2549,2022-01-13,8.6,8.52,8.67,8.31,96399,81466822.0,4.19,-0.93,-0.08,2.64
2550,2022-01-14,8.52,8.35,8.79,8.3,162500,139499464.0,5.75,-2.0,-0.17,4.46
2551,2022-01-17,8.21,8.73,8.91,8.0,235817,201211135.0,10.9,4.55,0.38,5.76
2552,2022-01-18,8.68,8.41,8.85,8.33,154681,131486413.0,5.96,-3.67,-0.32,3.78
2553,2022-01-19,8.52,8.26,8.53,8.2,96468,80459531.0,3.92,-1.78,-0.15,2.36
2554,2022-01-20,8.36,7.85,8.37,7.82,144077,115575781.0,6.66,-4.96,-0.41,3.52
2555,2022-01-21,7.8,7.69,8.15,7.65,94464,74007240.0,6.37,-2.04,-0.16,2.31
2556,2022-01-24,7.69,8.06,8.27,7.6,128033,103128773.0,8.71,4.81,0.37,3.13
2557,2022-01-25,8.18,7.77,8.18,7.7,71062,55667860.0,5.96,-3.6,-0.29,1.74
2558,2022-01-26,7.77,7.77,7.84,7.6,36788,28398601.0,3.09,0.0,0.0,0.9
2559,2022-01-27,7.76,7.3,7.84,7.27,63879,47641320.0,7.34,-6.05,-0.47,1.56
2560,2022-01-28,7.37,7.78,8.25,7.37,130943,103013945.0,12.05,6.58,0.48,3.2
2561,2022-02-07,7.9,7.99,8.1,7.68,66275,52251273.0,5.4,2.7,0.21,1.62
2562,2022-02-08,7.99,8.08,8.11,7.87,45784,36726871.0,3.0,1.13,0.09,1.12
2563,2022-02-09,8.03,8.36,8.43,8.03,91894,76002233.0,4.95,3.47,0.28,2.24
2564,2022-02-10,8.36,8.5,8.5,8.25,74449,62578195.0,2.99,1.67,0.14,1.82
2565,2022-02-11,8.47,8.3,8.47,8.26,53562,44765673.0,2.47,-2.35,-0.2,1.31
2566,2022-02-14,8.3,8.35,8.4,8.16,35935,29844128.0,2.89,0.6,0.05,0.88
2567,2022-02-15,8.35,8.55,8.65,8.18,112607,95887943.0,5.63,2.4,0.2,2.75
2568,2022-02-16,8.55,8.51,8.62,8.45,58786,50083222.0,1.99,-0.47,-0.04,1.44
2569,2022-02-17,8.54,8.38,8.56,8.35,50914,42964449.0,2.47,-1.53,-0.13,1.24
2570,2022-02-18,8.31,8.46,8.48,8.29,35050,29481667.0,2.27,0.95,0.08,0.86
2571,2022-02-21,8.32,8.23,8.35,7.98,97444,79415520.0,4.37,-2.72,-0.23,2.38
2572,2022-02-22,8.27,8.25,8.53,8.15,66164,54854542.0,4.62,0.24,0.02,1.62
2573,2022-02-23,8.25,8.51,8.65,8.2,100687,85276751.0,5.45,3.15,0.26,2.46
2574,2022-02-24,8.51,8.38,8.73,8.29,100818,85936862.0,5.17,-1.53,-0.13,2.46
2575,2022-02-25,8.38,8.48,8.53,8.36,61487,51976941.0,2.03,1.19,0.1,1.5
2576,2022-02-28,8.51,8.42,8.55,8.3,40828,34317694.0,2.95,-0.71,-0.06,1.0
2577,2022-03-01,8.38,8.43,8.51,8.38,36830,31092464.0,1.54,0.12,0.01,0.9
2578,2022-03-02,8.46,8.67,8.76,8.43,108432,94137635.0,3.91,2.85,0.24,2.65
2579,2022-03-03,8.68,8.64,8.77,8.56,55571,48005457.0,2.42,-0.35,-0.03,1.36
2580,2022-03-04,8.54,8.35,8.64,8.32,59992,50791722.0,3.7,-3.36,-0.29,1.47
2581,2022-03-07,8.31,8.21,8.44,8.12,55285,45648594.0,3.83,-1.68,-0.14,1.35
2582,2022-03-08,8.22,7.9,8.24,7.88,51439,41271975.0,4.38,-3.78,-0.31,1.26
2583,2022-03-09,7.91,8.14,8.58,7.74,95130,77650720.0,10.63,3.04,0.24,2.32
2584,2022-03-10,8.28,8.11,8.46,8.07,73111,60412005.0,4.79,-0.37,-0.03,1.79
2585,2022-03-11,7.9,8.09,8.13,7.78,61293,48836132.0,4.32,-0.25,-0.02,1.5
2586,2022-03-14,7.96,7.73,8.05,7.71,58491,45914054.0,4.2,-4.45,-0.36,1.43
2587,2022-03-15,7.37,7.16,7.65,7.15,72251,53845128.0,6.47,-7.37,-0.57,1.76
2588,2022-03-16,7.28,7.61,7.64,7.07,68727,50827320.0,7.96,6.28,0.45,1.68
2589,2022-03-17,7.64,7.51,7.73,7.47,50864,38711318.0,3.42,-1.31,-0.1,1.24
2590,2022-03-18,7.48,7.6,7.63,7.41,25456,19220559.0,2.93,1.2,0.09,0.62
2591,2022-03-21,7.61,7.61,7.64,7.51,34511,26163362.0,1.71,0.13,0.01,0.84
2592,2022-03-22,7.6,7.52,7.6,7.4,33741,25213978.0,2.63,-1.18,-0.09,0.82
2593,2022-03-23,7.49,7.47,7.55,7.45,22982,17221458.0,1.33,-0.66,-0.05,0.56
2594,2022-03-24,7.43,7.44,7.55,7.43,26114,19535580.0,1.61,-0.4,-0.03,0.64
2595,2022-03-25,7.54,7.61,7.85,7.45,66242,50874475.0,5.38,2.28,0.17,1.62
2596,2022-03-28,7.58,7.62,7.65,7.5,31959,24249256.0,1.97,0.13,0.01,0.78
2597,2022-03-29,7.62,7.46,7.63,7.44,29964,22468352.0,2.49,-2.1,-0.16,0.73
2598,2022-03-30,7.44,7.51,7.61,7.44,25436,19136545.0,2.28,0.67,0.05,0.62
2599,2022-03-31,7.49,7.5,7.56,7.45,19664,14758182.0,1.46,-0.13,-0.01,0.48
2600,2022-04-01,7.52,7.39,7.52,7.36,34345,25468350.0,2.13,-1.47,-0.11,0.84
2601,2022-04-06,7.37,7.65,7.65,7.36,36099,27232632.0,3.92,3.52,0.26,0.88
2602,2022-04-07,7.57,7.46,7.61,7.39,34259,25540621.0,2.88,-2.48,-0.19,0.84
2603,2022-04-08,7.4,7.28,7.45,7.26,31782,23290816.0,2.55,-2.41,-0.18,0.78
2604,2022-04-11,7.3,7.02,7.33,6.97,37151,26369822.0,4.95,-3.57,-0.26,0.91
2605,2022-04-12,7.12,7.18,7.32,7.03,42504,30570887.0,4.13,2.28,0.16,1.04
2606,2022-04-13,7.23,7.16,7.3,7.0,31400,22251201.0,4.18,-0.28,-0.02,0.77
2607,2022-04-14,7.31,7.15,7.31,7.12,30147,21640792.0,2.65,-0.14,-0.01,0.74
2608,2022-04-15,7.15,7.0,7.15,6.97,22948,16145303.0,2.52,-2.1,-0.15,0.56
2609,2022-04-18,6.96,7.04,7.09,6.86,12689,8850096.0,3.29,0.57,0.04,0.31
2610,2022-04-19,7.04,7.1,7.2,7.0,19012,13459150.0,2.84,0.85,0.06,0.46
2611,2022-04-20,7.11,7.25,7.45,7.11,64521,47317174.0,4.79,2.11,0.15,1.58
2612,2022-04-21,7.17,6.76,7.32,6.69,94018,65011679.0,8.69,-6.76,-0.49,2.3
2613,2022-04-22,6.74,6.86,6.97,6.63,33073,22491634.0,5.03,1.48,0.1,0.81
2614,2022-04-25,6.75,6.4,6.8,6.34,41386,27146935.0,6.71,-6.71,-0.46,1.01
2615,2022-04-26,6.41,6.4,6.65,6.32,34146,21969159.0,5.16,0.0,0.0,0.83
2616,2022-04-27,6.33,6.51,6.53,6.22,24318,15487584.0,4.84,1.72,0.11,0.59
2617,2022-04-28,6.42,6.49,6.6,6.42,16467,10688390.0,2.76,-0.31,-0.02,0.4
2618,2022-04-29,6.8,7.03,7.13,6.76,74330,51668356.0,5.7,8.32,0.54,1.82
2619,2022-05-05,6.9,7.14,7.2,6.9,45339,32162726.0,4.27,1.56,0.11,1.11
2620,2022-05-06,6.96,7.15,7.2,6.95,29129,20776604.0,3.5,0.14,0.01,0.71
2621,2022-05-09,7.17,7.27,7.3,7.14,26298,19067645.0,2.24,1.68,0.12,0.64
2622,2022-05-10,7.22,7.3,7.4,7.17,29616,21613042.0,3.16,0.41,0.03,0.72
2623,2022-05-11,7.3,7.22,7.39,7.2,33323,24385601.0,2.6,-1.1,-0.08,0.81
2624,2022-05-12,7.24,7.4,7.43,7.2,37267,27444128.0,3.19,2.49,0.18,0.91
2625,2022-05-13,7.36,7.29,7.36,7.0,31826,23153554.0,4.86,-1.49,-0.11,0.78
