,日期,开盘,收盘,最高,最低,成交量,成交额,振幅,涨跌幅,涨跌额,换手率
0,2010-05-28,44.9,43.9,45.0,42.9,105630,463629116.19,4.67,-2.44,-1.1,26.41
1,2010-06-04,44.21,41.05,44.76,39.42,167642,702308913.52,12.16,-6.49,-2.85,41.91
2,2010-06-11,40.06,42.84,43.38,39.81,94160,399174189.07,8.7,4.36,1.79,23.54
3,2010-06-18,43.0,40.9,43.1,40.52,24965,103965835.2,6.02,-4.53,-1.94,6.24
4,2010-06-25,40.84,44.16,44.58,40.0,87310,376282015.06,11.2,7.97,3.26,21.83
5,2010-07-02,44.1,38.34,44.47,37.11,67390,277690282.56,16.67,-13.18,-5.82,16.85
6,2010-07-09,37.6,39.31,40.0,37.38,37741,146008607.98,6.83,2.53,0.97,9.44
7,2010-07-16,39.3,38.16,40.11,37.69,33176,130070880.83,6.16,-2.93,-1.15,8.29
8,2010-07-23,38.01,39.03,39.75,38.01,28288,110574615.65,4.56,2.28,0.87,7.07
9,2010-07-30,39.03,39.98,40.58,39.03,38365,153153784.78,3.97,2.43,0.95,9.59
10,2010-08-06,40.0,40.48,40.88,39.37,38657,155453746.94,3.78,1.25,0.5,9.66
11,2010-08-13,40.5,40.23,41.39,39.6,31695,128747231.19,4.42,-0.62,-0.25,7.92
12,2010-08-20,40.14,45.21,45.36,40.0,118340,514131571.92,13.32,12.38,4.98,29.58
13,2010-08-27,45.51,47.0,48.19,44.66,213767,1000391186.09,7.81,3.96,1.79,53.44
14,2010-09-03,47.44,49.0,50.0,45.05,287011,1360439949.25,10.53,4.26,2.0,57.4
15,2010-09-10,49.0,45.48,49.0,44.67,89882,417616200.67,8.84,-7.18,-3.52,17.98
16,2010-09-17,45.4,44.73,46.28,43.5,105313,471302176.69,6.11,-1.65,-0.75,21.06
17,2010-09-21,44.75,43.69,45.1,42.2,43229,188331008.92,6.48,-2.33,-1.04,8.65
18,2010-09-30,43.8,46.0,46.06,43.25,49187,220056363.05,6.43,5.29,2.31,9.84
19,2010-10-08,45.89,45.5,46.19,45.3,16744,76609110.2,1.93,-1.09,-0.5,3.35
20,2010-10-14,45.2,45.8,45.95,42.75,94943,420018559.15,7.03,0.66,0.3,18.99
21,2010-10-22,45.7,45.58,46.9,43.0,117429,530550242.88,8.52,-0.48,-0.22,23.49
22,2010-10-29,45.65,47.5,47.5,45.01,94396,438648886.6,5.46,4.21,1.92,18.88
23,2010-11-05,48.3,51.5,51.5,47.8,107389,532724605.96,7.79,8.42,4.0,21.48
24,2010-11-12,51.0,47.0,52.2,46.03,109254,538066628.16,11.98,-8.74,-4.5,21.85
25,2010-11-19,47.12,47.21,47.77,44.2,78635,361666740.29,7.6,0.45,0.21,15.73
26,2010-11-26,46.21,47.82,48.2,45.6,82346,389558272.05,5.51,1.29,0.61,16.47
27,2010-12-03,47.9,42.98,48.5,40.9,162890,712544475.12,15.89,-10.12,-4.84,32.58
28,2010-12-10,42.2,43.32,43.4,41.12,68644,289616446.85,5.3,0.79,0.34,13.73
29,2010-12-17,43.3,43.28,43.58,41.86,85661,367441379.78,3.97,-0.09,-0.04,17.13
30,2010-12-24,43.36,43.4,43.64,41.68,53702,231222038.15,4.53,0.28,0.12,10.74
31,2010-12-31,43.35,45.5,45.5,42.18,52301,228407412.6,7.65,4.84,2.1,10.46
32,2011-01-07,45.07,43.88,45.59,42.85,30263,134396480.61,6.02,-3.56,-1.62,6.05
33,2011-01-14,43.7,41.26,43.76,41.26,20335,86054036.26,5.7,-5.97,-2.62,4.07
34,2011-01-21,41.0,39.16,41.26,38.52,23157,91499442.35,6.64,-5.09,-2.1,4.63
35,2011-01-28,39.0,40.4,40.9,36.77,26721,102391547.61,10.55,3.17,1.24,5.34
36,2011-02-01,40.1,40.1,40.5,39.52,7018,28073538.44,2.43,-0.74,-0.3,1.4
37,2011-02-11,39.97,40.04,40.38,39.25,10244,40906288.66,2.82,-0.15,-0.06,2.05
38,2011-02-18,40.07,41.76,41.76,39.6,38076,154416069.39,5.39,4.3,1.72,7.62
39,2011-02-25,41.26,42.28,42.35,39.75,50895,209657778.4,6.23,1.25,0.52,10.18
40,2011-03-04,42.2,42.19,42.35,39.8,30912,128587402.78,6.03,-0.21,-0.09,6.18
41,2011-03-11,41.9,41.57,42.23,40.91,25745,106754881.79,3.13,-1.47,-0.62,5.15
42,2011-03-18,41.05,40.75,41.39,39.66,22346,90290892.76,4.16,-1.97,-0.82,4.47
43,2011-03-25,40.5,39.85,40.9,39.45,18569,73801361.69,3.56,-2.21,-0.9,3.71
44,2011-04-01,39.8,40.18,40.18,38.0,20992,81756623.97,5.47,0.83,0.33,4.2
45,2011-04-08,39.95,39.5,39.99,39.07,9001,35448177.59,2.29,-1.69,-0.68,1.8
46,2011-04-15,39.4,39.39,39.5,37.95,21113,81532786.13,3.92,-0.28,-0.11,4.22
47,2011-04-22,39.17,36.07,39.17,35.77,31472,117909229.24,8.63,-8.43,-3.32,6.29
48,2011-04-29,36.18,36.16,36.18,32.36,46397,160571340.63,10.59,0.25,0.09,9.28
49,2011-05-06,36.5,36.46,36.88,34.63,31199,111657991.94,6.22,0.83,0.3,6.24
50,2011-05-13,36.64,34.26,36.64,33.0,29809,102629599.99,9.98,-6.03,-2.2,5.96
51,2011-05-18,34.12,32.49,34.12,32.49,18363,60627997.4,4.76,-5.17,-1.77,3.67
52,2011-05-27,32.5,31.3,34.87,29.0,35527,115800182.23,18.07,-3.66,-1.19,7.11
53,2011-06-03,28.61,30.6,30.99,28.14,54144,158100781.67,9.11,-2.24,-0.7,8.22
54,2011-06-10,30.2,29.18,30.7,28.7,15517,46044338.82,6.54,-4.64,-1.42,2.35
55,2011-06-17,29.15,27.51,29.29,27.49,22942,66034834.37,6.17,-5.72,-1.67,3.48
56,2011-06-24,27.46,28.68,28.68,26.34,47033,127942671.14,8.51,4.25,1.17,7.14
57,2011-07-01,28.3,28.79,28.81,27.75,41493,117502893.22,3.7,0.38,0.11,6.3
58,2011-07-08,28.83,30.99,31.0,28.58,85697,252934343.93,8.41,7.64,2.2,13.02
59,2011-07-15,30.51,32.94,32.97,29.38,129007,397907254.75,11.58,6.29,1.95,19.6
60,2011-07-22,32.88,32.64,33.75,31.08,57718,186602085.91,8.11,-0.91,-0.3,8.77
61,2011-07-29,32.2,33.3,33.56,30.61,46922,151417887.73,9.04,2.02,0.66,7.13
62,2011-08-05,33.39,30.8,33.47,29.46,29110,92755870.48,12.04,-7.51,-2.5,4.42
63,2011-08-12,30.6,29.24,30.6,26.35,53665,151131858.82,13.8,-5.06,-1.56,8.15
64,2011-08-19,29.4,30.36,30.61,28.4,64924,193623167.0,7.56,3.83,1.12,9.86
65,2011-08-26,33.4,31.5,33.4,30.36,64365,201960786.0,10.01,3.75,1.14,9.78
66,2011-09-02,31.3,29.25,31.3,28.66,29467,88102102.0,8.38,-7.14,-2.25,4.48
67,2011-09-09,28.73,27.78,29.08,27.45,37039,104343156.0,5.57,-5.03,-1.47,5.63
68,2011-09-16,27.6,27.19,27.88,26.89,14761,40247293.0,3.56,-2.12,-0.59,2.24
69,2011-09-23,27.0,27.21,27.85,26.4,28212,76508448.0,5.33,0.07,0.02,4.29
70,2011-09-30,26.94,27.2,27.3,24.91,33101,87032471.0,8.78,-0.04,-0.01,5.03
71,2011-10-14,26.95,28.75,28.88,25.56,50109,138870747.0,12.21,5.7,1.55,7.61
72,2011-10-21,28.7,26.98,28.76,26.11,31787,87471361.0,9.22,-6.16,-1.77,4.83
73,2011-10-28,26.77,27.89,28.2,26.29,45651,125577911.0,7.08,3.37,0.91,6.94
74,2011-11-04,27.7,31.4,31.9,27.43,135599,396488168.0,16.03,12.59,3.51,20.41
75,2011-11-11,31.09,14.88,31.1,14.43,180425,313704629.0,53.09,-52.61,-16.52,13.58
76,2011-11-18,14.99,14.95,15.6,14.5,196481,296980211.0,7.39,0.47,0.07,14.79
77,2011-11-25,14.95,14.24,15.03,14.1,62480,90637048.0,6.22,-4.75,-0.71,4.74
78,2011-12-02,14.25,13.35,14.39,13.08,67878,93180618.0,9.2,-6.25,-0.89,5.15
79,2011-12-09,13.34,12.68,13.35,12.43,40660,51786182.0,6.89,-5.02,-0.67,3.08
80,2011-12-16,12.56,12.69,12.77,11.94,59957,73774340.0,6.55,0.08,0.01,4.54
81,2011-12-23,12.64,12.45,12.97,12.01,64143,80659892.0,7.57,-1.89,-0.24,4.86
82,2011-12-30,12.4,12.49,12.49,11.71,51119,62524670.0,6.27,0.32,0.04,3.87
83,2012-01-06,12.6,12.65,12.65,11.7,37551,45471743.0,7.61,1.28,0.16,2.85
84,2012-01-13,12.59,12.57,13.23,12.36,93591,120320067.0,6.88,-0.63,-0.08,7.09
85,2012-01-20,12.48,12.4,12.7,12.0,57861,71327592.0,5.57,-1.35,-0.17,4.39
86,2012-02-03,12.39,11.97,12.39,11.33,58562,69559403.0,8.55,-3.47,-0.43,4.44
87,2012-02-10,11.97,12.09,12.24,11.65,74330,89255020.0,4.93,1.0,0.12,5.63
88,2012-02-17,12.05,12.35,12.67,11.98,144805,179284159.0,5.71,2.15,0.26,10.98
89,2012-02-24,12.48,13.7,14.08,12.32,417499,551640289.0,14.25,10.93,1.35,31.65
90,2012-03-02,13.65,13.48,13.8,13.17,251985,337693805.0,4.6,-1.61,-0.22,19.1
91,2012-03-09,13.49,13.0,13.58,12.65,195890,254830500.0,6.9,-3.56,-0.48,14.85
92,2012-03-16,13.0,13.18,13.35,11.8,258436,331406540.0,11.92,1.38,0.18,19.59
93,2012-03-23,13.19,12.28,13.32,12.05,151666,192274974.0,9.64,-6.83,-0.9,11.5
94,2012-03-30,12.26,10.19,12.26,9.95,159676,177919485.0,18.81,-17.02,-2.09,12.1
95,2012-04-06,10.0,10.07,10.26,9.9,115957,116788996.0,3.53,-1.18,-0.12,8.79
96,2012-04-13,10.08,10.31,10.68,9.42,450822,447714830.0,12.51,2.38,0.24,34.17
97,2012-04-20,10.2,9.87,10.2,9.55,331006,325842401.0,6.3,-4.27,-0.44,25.09
98,2012-04-27,9.84,8.71,9.93,8.33,361145,320014736.0,16.21,-11.75,-1.16,27.37
99,2012-05-04,8.75,8.75,8.92,8.49,131095,113916472.0,4.94,0.46,0.04,9.94
100,2012-05-11,8.75,8.6,8.95,8.59,178545,156328226.0,4.11,-1.71,-0.15,13.53
101,2012-05-17,8.65,8.97,9.19,8.38,246858,218098515.0,9.42,4.3,0.37,18.71
102,2012-05-25,8.83,8.61,9.25,8.45,238811,209864894.0,8.92,-4.01,-0.36,18.1
103,2012-06-01,8.6,8.91,9.17,8.38,215233,190136626.0,9.18,3.48,0.3,16.31
104,2012-06-08,8.79,8.04,8.8,8.03,136459,116203210.0,8.64,-9.76,-0.87,10.34
105,2012-06-15,7.98,7.87,8.07,7.71,140821,110554769.0,4.48,-2.11,-0.17,10.67
106,2012-06-21,7.91,7.72,8.01,7.72,91786,72347410.0,3.68,-1.91,-0.15,6.96
107,2012-06-29,7.73,7.06,7.76,6.77,114930,82972373.0,12.82,-8.55,-0.66,8.71
108,2012-07-06,7.09,7.04,7.44,6.5,162097,115304743.0,13.31,-0.28,-0.02,12.15
109,2012-07-13,6.93,6.72,6.93,6.54,115779,78072160.0,5.54,-4.55,-0.32,8.68
110,2012-07-20,6.1,6.25,6.39,5.8,164384,101338098.0,8.78,-6.99,-0.47,12.32
111,2012-07-27,6.18,6.26,6.38,6.08,81546,50736093.0,4.8,0.16,0.01,6.11
112,2012-08-03,6.21,6.03,6.28,5.82,73789,44262682.0,7.35,-3.67,-0.23,5.53
113,2012-08-10,6.05,6.34,6.37,6.01,113113,70591063.0,5.97,5.14,0.31,8.48
114,2012-08-17,6.31,6.15,6.38,6.02,107652,66767538.0,5.68,-3.0,-0.19,8.07
115,2012-08-24,6.12,6.41,6.7,6.03,163400,103718461.0,10.89,4.23,0.26,11.21
116,2012-08-31,6.39,6.48,6.6,6.05,195197,124655730.0,8.58,1.09,0.07,13.39
117,2012-09-07,6.41,7.2,7.35,6.41,328932,226229161.0,14.51,11.11,0.72,22.56
118,2012-09-14,7.2,6.78,7.25,6.68,180515,126592207.0,7.92,-5.83,-0.42,12.38
119,2012-09-21,6.78,6.2,6.86,6.19,101122,66412236.0,9.88,-8.55,-0.58,6.94
120,2012-09-28,6.2,6.15,6.29,5.91,74607,45495410.0,6.13,-0.81,-0.05,5.12
121,2012-10-12,6.2,6.26,6.45,6.13,69210,43590776.0,5.2,1.79,0.11,4.75
122,2012-10-19,6.26,6.37,6.41,6.09,58146,36315270.0,5.11,1.76,0.11,3.99
123,2012-10-26,6.33,6.0,6.41,6.0,62892,39374743.0,6.44,-5.81,-0.37,4.31
124,2012-11-02,5.95,6.17,6.17,5.92,35417,21476793.0,4.17,2.83,0.17,2.43
125,2012-11-09,6.15,5.73,6.18,5.7,43151,25760768.0,7.78,-7.13,-0.44,2.96
126,2012-11-16,5.75,5.44,5.77,5.34,39190,21909958.0,7.5,-5.06,-0.29,2.69
127,2012-11-23,5.46,5.46,5.52,5.33,33592,18322308.0,3.49,0.37,0.02,2.3
128,2012-11-30,5.46,4.86,5.46,4.78,41468,20965001.0,12.45,-10.99,-0.6,2.84
129,2012-12-07,4.9,4.98,5.0,4.53,62653,30285213.0,9.67,2.47,0.12,4.3
130,2012-12-14,5.01,5.2,5.22,4.92,98145,49605479.0,6.02,4.42,0.22,6.73
131,2012-12-21,5.2,5.18,5.27,5.12,94879,49382482.0,2.88,-0.38,-0.02,6.51
132,2012-12-28,5.18,5.46,5.5,5.16,129285,69294494.0,6.56,5.41,0.28,8.87
133,2013-01-04,5.46,5.34,5.48,5.27,70719,38054114.0,3.85,-2.2,-0.12,4.96
134,2013-01-11,5.3,6.53,6.84,5.21,735594,470043774.0,30.52,22.28,1.19,51.56
135,2013-01-18,6.4,6.72,6.99,6.31,615986,410751623.0,10.41,2.91,0.19,43.17
136,2013-01-25,6.71,6.08,7.21,6.02,428220,282307302.0,17.71,-9.52,-0.64,30.01
137,2013-02-01,6.12,6.37,6.62,6.09,184853,117840901.0,8.72,4.77,0.29,12.96
138,2013-02-08,6.37,6.36,6.5,6.24,96802,61353627.0,4.08,-0.16,-0.01,6.78
139,2013-02-22,6.36,7.14,7.78,6.32,367140,263116232.0,22.96,12.26,0.78,25.73
140,2013-03-01,7.15,7.75,8.13,6.7,1010759,777849908.0,20.03,8.54,0.61,70.84
141,2013-03-08,7.55,7.07,7.82,6.98,640015,464278613.0,10.84,-8.77,-0.68,44.86
142,2013-03-15,7.07,6.66,7.28,6.4,316638,216782906.0,12.45,-5.8,-0.41,22.19
143,2013-03-22,6.65,6.79,6.96,6.41,198374,132369142.0,8.26,1.95,0.13,13.9
144,2013-03-29,6.79,6.51,7.17,6.5,251951,173586954.0,9.87,-4.12,-0.28,17.66
145,2013-04-03,6.51,6.33,6.77,6.31,80041,52442664.0,7.07,-2.76,-0.18,5.61
146,2013-04-12,6.24,6.81,7.14,6.13,195444,131114101.0,15.96,7.58,0.48,13.7
147,2013-04-19,6.95,7.25,7.26,6.69,268201,190042701.0,8.37,6.46,0.44,18.8
148,2013-04-26,7.2,6.92,7.44,6.85,243055,173509700.0,8.14,-4.55,-0.33,17.04
149,2013-05-03,6.84,7.59,7.7,6.8,182899,136551594.0,13.01,9.68,0.67,12.82
150,2013-05-10,7.5,7.72,7.85,7.43,372974,285029350.0,5.53,1.71,0.13,26.14
151,2013-05-17,7.65,8.77,8.98,7.37,467606,381874469.0,20.85,13.6,1.05,32.77
152,2013-05-24,8.8,8.43,9.14,8.27,475795,412102855.0,9.92,-3.88,-0.34,33.35
153,2013-05-31,8.5,8.3,8.81,8.11,355163,300544817.0,8.3,-1.54,-0.13,3.72
154,2013-06-07,8.32,8.43,8.54,7.89,205933,169699288.0,7.83,1.57,0.13,2.16
155,2013-06-14,8.35,8.5,8.66,7.59,140525,117472171.0,12.69,0.83,0.07,1.47
156,2013-06-21,8.51,9.08,9.55,8.5,531806,483755116.0,12.35,6.82,0.58,5.57
157,2013-06-28,9.08,8.46,9.45,7.74,429074,374058234.0,18.83,-6.83,-0.62,4.49
158,2013-07-05,8.51,10.33,10.73,8.36,640948,629427389.0,28.01,22.1,1.87,6.71
159,2013-07-12,10.13,10.61,11.16,9.7,552038,578543118.0,14.13,2.71,0.28,5.78
160,2013-07-19,10.72,11.29,11.96,10.4,496651,557123438.0,14.7,6.41,0.68,5.2
161,2013-07-26,10.85,13.65,13.65,10.82,518484,651073708.0,25.07,20.9,2.36,5.43
162,2013-08-02,13.6,12.01,13.84,11.32,537993,662305389.0,18.46,-12.01,-1.64,5.63
163,2013-08-09,12.13,12.58,13.6,11.9,446144,569762435.0,14.15,4.75,0.57,4.67
164,2013-08-16,12.62,12.2,12.96,11.85,369960,458078216.0,8.82,-3.02,-0.38,3.87
165,2013-08-23,11.96,13.25,13.28,11.9,309759,396800231.0,11.31,8.61,1.05,3.24
166,2013-08-30,13.25,14.85,15.9,13.15,567233,836954829.0,20.75,12.08,1.6,5.94
167,2013-09-06,14.65,18.1,18.95,14.3,606745,1047548857.0,31.31,21.89,3.25,6.35
168,2013-09-13,17.85,16.75,18.59,16.09,336671,573011929.0,13.81,-7.46,-1.35,3.52
169,2013-09-27,18.43,21.9,22.75,18.43,544523,1124970780.0,25.79,30.75,5.15,5.7
170,2013-09-30,21.89,24.09,24.09,21.4,134460,311130944.0,12.28,10.0,2.19,1.41
171,2013-10-11,24.98,27.27,27.27,24.19,494883,1266667571.0,12.79,13.2,3.18,5.18
172,2013-10-18,28.09,24.9,28.49,24.7,417089,1120214232.0,13.9,-8.69,-2.37,4.36
173,2013-10-25,25.42,21.42,29.08,21.42,471640,1169356452.0,30.76,-13.98,-3.48,4.94
174,2013-11-01,21.43,18.45,23.0,18.06,411937,859385250.0,23.06,-13.87,-2.97,4.31
175,2013-11-08,18.47,17.93,20.15,17.75,293907,556377783.0,13.01,-2.82,-0.52,3.08
176,2013-11-15,17.95,18.78,18.98,16.55,374229,675441255.0,13.55,4.74,0.85,3.92
177,2013-11-22,19.01,20.2,20.59,18.51,344398,670108523.0,11.08,7.56,1.42,3.6
178,2013-11-29,19.97,22.15,22.7,18.95,436135,907786995.0,18.56,9.65,1.95,4.56
179,2013-12-06,21.66,21.65,23.22,19.1,525640,1136805234.0,18.6,-2.26,-0.5,5.5
180,2013-12-13,21.66,20.58,22.12,20.02,293919,618949642.0,9.7,-4.94,-1.07,3.08
181,2013-12-20,20.51,19.02,20.88,18.86,188508,370726245.0,9.82,-7.58,-1.56,1.97
182,2013-12-27,19.02,19.32,20.29,18.0,282130,537648773.0,12.04,1.58,0.3,2.95
183,2014-01-03,19.41,19.89,20.12,18.67,194196,374183211.0,7.51,2.95,0.57,2.03
184,2014-01-10,19.89,20.13,21.05,19.1,273447,547976847.0,9.8,1.21,0.24,2.86
185,2014-01-17,20.05,19.44,20.09,18.33,232772,449275527.0,8.74,-3.43,-0.69,2.44
186,2014-01-24,19.44,23.89,24.5,18.68,468944,1019096658.0,29.94,22.89,4.45,4.91
187,2014-01-30,24.0,23.08,24.55,22.65,251384,595361635.0,7.95,-3.39,-0.81,2.63
188,2014-02-07,22.6,24.0,24.28,22.13,57736,134560754.0,9.32,3.99,0.92,0.6
189,2014-02-14,24.05,22.09,25.36,21.8,408254,947480274.0,14.83,-7.96,-1.91,4.27
190,2014-02-21,22.38,20.65,23.1,20.3,373320,803583090.0,12.68,-6.52,-1.44,3.91
191,2014-02-28,20.76,16.9,20.99,16.5,447877,831117899.0,21.74,-18.16,-3.75,4.69
192,2014-03-07,16.95,17.24,18.25,16.88,293903,516187875.0,8.11,2.01,0.34,3.08
193,2014-03-14,16.9,16.63,17.05,16.2,179445,298636115.0,4.93,-3.54,-0.61,1.88
194,2014-03-21,16.2,17.15,17.44,15.33,300054,503033922.0,12.69,3.13,0.52,3.14
195,2014-03-28,17.15,16.47,18.15,16.11,283954,495863782.0,11.9,-3.97,-0.68,2.97
196,2014-04-04,15.76,14.68,16.09,14.0,356884,524351469.0,12.69,-10.87,-1.79,3.73
197,2014-04-11,14.74,15.09,15.48,14.41,264245,396720215.0,7.29,2.79,0.41,2.77
198,2014-04-18,15.09,14.79,15.48,14.61,174607,262438778.0,5.77,-1.99,-0.3,1.83
199,2014-04-25,14.63,13.26,14.68,13.24,232529,322701076.0,9.74,-10.34,-1.53,2.43
200,2014-04-30,13.04,12.6,13.04,12.05,142391,176911627.0,7.47,-4.98,-0.66,1.49
201,2014-05-09,12.6,12.44,13.89,12.2,283547,370251558.0,13.41,-1.27,-0.16,2.97
202,2014-05-16,12.48,12.6,13.3,12.29,203623,262358522.0,8.12,1.29,0.16,2.13
203,2014-05-23,12.45,13.35,13.39,12.35,193806,251364510.0,8.25,5.95,0.75,2.03
204,2014-05-30,13.38,14.01,14.09,13.13,298170,403428001.0,7.19,4.94,0.66,3.12
205,2014-06-06,13.9,13.7,14.08,13.47,172521,237161197.0,4.35,-2.21,-0.31,1.81
206,2014-06-13,13.65,14.07,14.25,13.38,289923,399179989.0,6.35,2.7,0.37,3.03
207,2014-06-20,14.11,13.68,14.58,13.19,336034,473957750.0,9.88,-2.77,-0.39,3.52
208,2014-06-27,13.75,15.21,15.8,13.75,359875,536864291.0,14.99,11.18,1.53,3.77
209,2014-07-04,15.09,14.63,15.26,14.62,203434,302479722.0,4.21,-3.81,-0.58,2.12
210,2014-07-11,14.65,13.98,14.87,13.93,213213,307528984.0,6.43,-4.44,-0.65,2.22
211,2014-07-18,14.04,13.99,14.11,13.28,207976,285679915.0,5.94,0.07,0.01,2.17
212,2014-07-25,14.12,13.46,15.36,13.11,416524,592927217.0,16.08,-3.79,-0.53,4.34
213,2014-08-01,13.47,13.66,13.93,13.4,193395,264982649.0,3.94,1.49,0.2,2.01
214,2014-08-08,13.67,13.98,14.41,13.64,211602,297417317.0,5.64,2.34,0.32,2.2
215,2014-08-15,14.01,14.12,14.21,13.55,256922,356933062.0,4.72,1.0,0.14,2.68
216,2014-08-22,14.29,14.68,14.84,14.16,404624,585393198.0,4.82,3.97,0.56,4.22
217,2014-08-29,14.7,14.62,15.18,14.27,419673,617756328.0,6.2,-0.41,-0.06,4.37
218,2014-09-05,14.62,15.87,16.48,14.6,699139,1090816609.0,12.86,8.55,1.25,7.28
219,2014-09-12,15.87,16.0,16.77,15.61,485323,784447808.0,7.31,0.82,0.13,5.06
220,2014-09-19,15.9,15.66,16.3,15.11,282211,442622996.0,7.44,-2.13,-0.34,2.94
221,2014-09-26,15.64,15.8,16.19,15.23,262371,413594023.0,6.13,0.89,0.14,2.73
222,2014-09-30,15.74,16.05,16.13,15.74,108538,173416693.0,2.47,1.58,0.25,1.13
223,2014-10-10,16.06,15.75,16.3,15.7,179995,288828995.0,3.74,-1.87,-0.3,1.88
224,2014-10-17,15.75,14.79,15.75,14.6,210732,321850211.0,7.3,-6.1,-0.96,2.2
225,2014-10-24,14.8,14.31,16.34,14.25,189077,285256227.0,14.13,-3.25,-0.48,1.97
226,2014-10-31,14.31,14.39,14.77,13.92,155013,224412912.0,5.94,0.56,0.08,1.61
227,2014-11-07,14.4,14.15,14.64,14.12,167229,239456371.0,3.61,-1.67,-0.24,1.74
228,2014-11-14,14.23,13.21,14.23,13.03,183804,248638133.0,8.48,-6.64,-0.94,1.91
229,2014-11-21,13.21,13.44,13.55,13.21,122844,164502113.0,2.57,1.74,0.23,1.28
230,2014-11-28,13.44,14.08,14.47,13.44,297192,414200197.0,7.66,4.76,0.64,3.1
231,2014-12-05,14.4,13.8,15.45,13.3,565442,819081133.0,15.27,-1.99,-0.28,5.89
232,2014-12-12,13.9,13.52,13.9,13.03,303491,405367141.0,6.3,-2.03,-0.28,3.16
233,2014-12-19,13.54,12.8,13.75,12.69,251142,334158026.0,7.84,-5.33,-0.72,2.62
234,2014-12-26,12.71,12.21,12.71,11.84,191249,231313756.0,6.8,-4.61,-0.59,1.99
235,2014-12-31,12.0,10.86,12.01,10.36,227323,251162648.0,13.51,-11.06,-1.35,2.36
236,2015-01-09,10.84,11.25,11.55,10.5,282239,316437862.0,9.67,3.59,0.39,2.93
237,2015-01-16,11.25,11.6,11.67,11.02,197933,225336605.0,5.78,3.11,0.35,2.06
238,2015-01-23,11.44,12.09,12.4,11.13,329877,393497329.0,10.95,4.22,0.49,3.43
239,2015-01-30,12.02,11.97,12.56,11.85,254882,309927303.0,5.87,-0.99,-0.12,2.65
240,2015-02-06,11.78,12.04,12.43,11.74,260414,316386033.0,5.76,0.58,0.07,2.71
241,2015-02-13,12.04,12.87,13.2,11.93,443568,559784520.0,10.55,6.89,0.83,4.61
242,2015-02-17,12.81,14.15,14.21,12.8,346805,470301926.0,10.96,9.95,1.28,3.6
243,2015-02-27,14.15,13.57,14.17,13.5,306553,421482551.0,4.73,-4.1,-0.58,3.18
244,2015-03-06,13.57,15.72,16.49,13.42,1078286,1624630662.0,22.62,15.84,2.15,11.2
245,2015-03-13,15.4,17.23,17.5,14.5,795582,1287865966.0,19.08,9.61,1.51,8.26
246,2015-03-20,17.44,18.21,18.21,16.18,1159415,1981428078.0,11.78,5.69,0.98,12.02
247,2015-03-27,17.93,17.98,18.49,17.04,1361682,2424499552.0,7.96,-1.26,-0.23,14.12
248,2015-04-03,17.98,19.95,20.36,17.6,914607,1726499159.0,15.35,10.96,1.97,9.48
249,2015-04-10,19.9,21.0,21.76,18.09,729226,1476896000.0,18.4,5.26,1.05,7.56
250,2015-04-17,21.1,20.68,22.92,19.27,937538,1991261152.0,17.38,-1.52,-0.32,9.72
251,2015-04-24,20.59,19.66,20.59,19.18,858102,1706003161.0,6.82,-4.93,-1.02,8.9
252,2015-04-30,19.66,19.68,20.24,18.99,472384,929420466.0,6.36,0.1,0.02,4.9
253,2015-05-04,19.61,20.67,20.67,19.55,191436,385072432.0,5.69,5.03,0.99,1.98
254,2015-07-31,18.6,15.07,18.6,15.07,109055,181780001.0,17.08,-27.09,-5.6,1.12
255,2015-08-07,13.56,13.7,15.06,12.74,1104766,1514265020.0,15.39,-9.09,-1.37,11.39
256,2015-08-14,13.9,14.55,15.22,13.9,853943,1252533214.0,9.64,6.2,0.85,8.8
257,2015-08-21,14.54,12.5,15.16,11.9,632803,868582440.0,22.41,-14.09,-2.05,6.52
258,2015-08-28,12.0,9.76,12.0,8.3,571874,553250664.0,29.6,-21.92,-2.74,5.89
259,2015-09-02,9.76,7.59,9.76,7.48,363732,308135910.0,23.36,-22.23,-2.17,3.75
260,2015-09-11,7.81,9.71,10.36,7.81,916693,840663191.0,33.6,27.93,2.12,9.45
261,2015-09-18,8.74,9.11,10.6,8.74,613416,586014245.0,19.16,-6.18,-0.6,6.32
262,2015-09-25,9.22,8.74,9.58,8.55,466479,431540966.0,11.31,-4.06,-0.37,4.81
263,2015-09-30,8.74,8.96,9.13,8.65,182447,162724720.0,5.49,2.52,0.22,1.88
264,2015-10-09,9.23,9.47,9.63,9.2,187756,176669214.0,4.8,5.69,0.51,1.94
265,2015-10-16,9.6,10.86,10.97,9.57,766924,785796538.0,14.78,14.68,1.39,7.9
266,2015-10-23,10.86,10.81,11.09,9.62,865018,902624427.0,13.54,-0.46,-0.05,8.92
267,2015-10-30,10.88,10.59,11.61,10.3,829922,905567500.0,12.12,-2.04,-0.22,8.56
268,2015-11-06,10.31,11.5,11.57,10.17,722280,788294646.0,13.22,8.59,0.91,7.45
269,2015-11-13,11.35,12.79,13.99,11.2,1191725,1501681103.0,24.26,11.22,1.29,12.29
270,2015-11-20,12.34,17.25,17.25,12.34,1807672,2766803141.0,38.39,34.87,4.46,18.64
271,2015-11-27,17.0,18.96,21.23,16.37,3163262,6185465760.0,28.17,9.91,1.71,32.62
272,2015-12-04,19.31,18.0,20.8,16.9,2067505,3868993040.0,20.57,-5.06,-0.96,21.32
273,2015-12-11,18.01,16.5,19.25,16.38,1514369,2739775552.0,15.94,-8.33,-1.5,15.62
274,2015-12-18,16.64,17.77,18.27,16.2,1049662,1841141999.0,12.55,7.7,1.27,10.83
275,2015-12-25,17.65,17.83,18.44,16.9,918730,1630292111.0,8.67,0.34,0.06,9.48
276,2015-12-31,17.9,17.5,18.68,16.92,803753,1444413338.0,9.87,-1.85,-0.33,8.29
277,2016-01-08,17.55,12.95,17.74,12.21,666271,972104708.0,31.6,-26.0,-4.55,6.87
278,2016-01-15,12.55,11.52,12.64,10.52,755891,889274937.0,16.37,-11.04,-1.43,7.79
279,2016-01-22,11.65,13.18,13.69,11.32,1104887,1419109272.0,20.57,14.41,1.66,11.39
280,2016-01-29,14.5,14.37,16.29,13.35,2478620,3739478898.0,22.31,9.03,1.19,25.56
281,2016-02-05,14.38,15.2,17.69,14.3,2846456,4565083168.0,23.59,5.78,0.83,29.35
282,2016-02-19,14.7,19.5,20.95,14.57,3092253,5495327552.0,41.97,28.29,4.3,31.88
283,2016-02-26,19.45,19.0,21.71,18.38,3369574,6638933632.0,17.08,-2.56,-0.5,34.74
284,2016-03-04,18.3,18.17,20.06,15.39,2972059,5355420806.0,24.58,-4.37,-0.83,30.64
285,2016-03-11,18.38,15.89,19.68,15.18,2217286,3866433536.0,24.77,-12.55,-2.28,22.86
286,2016-03-18,16.22,17.5,17.67,15.78,2988059,4999262928.0,11.89,10.13,1.61,30.81
287,2016-03-25,17.86,20.2,20.79,17.33,4156945,8084536640.0,19.77,15.43,2.7,42.86
288,2016-04-01,20.25,19.45,21.0,18.71,3111850,6223660480.0,11.34,-3.71,-0.75,32.09
289,2016-04-08,19.45,20.43,22.0,19.12,2567156,5369457456.0,14.81,5.04,0.98,26.47
290,2016-04-15,20.52,24.83,26.13,20.38,4118059,9641963264.0,28.14,21.54,4.4,42.46
291,2016-04-22,24.3,23.0,25.8,22.25,2978094,7141917216.0,14.3,-7.37,-1.83,30.71
292,2016-04-29,22.9,20.57,23.25,20.53,2073847,4541008608.0,11.83,-10.57,-2.43,21.38
293,2016-05-06,20.58,20.88,22.95,20.41,2386059,5272551408.0,12.35,1.51,0.31,24.6
294,2016-05-13,20.4,17.79,20.58,17.39,1729053,3293755344.0,15.28,-14.8,-3.09,17.83
295,2016-05-20,18.32,19.15,19.8,17.69,2180653,4130106000.0,11.86,7.64,1.36,22.48
296,2016-05-27,19.19,19.99,20.74,18.24,1839201,3588798368.0,13.05,4.39,0.84,18.96
297,2016-06-03,19.5,21.65,22.32,19.26,2410982,5044416896.0,15.31,8.3,1.66,24.86
298,2016-06-08,21.9,21.29,22.08,21.22,886497,1915553648.0,3.97,-1.66,-0.36,9.14
299,2016-06-17,20.7,19.38,21.18,18.48,1331532,2614001328.0,12.68,-8.97,-1.91,13.73
300,2016-06-24,19.63,19.25,20.32,18.59,1403860,2725331952.0,8.93,-0.67,-0.13,14.47
301,2016-07-01,18.98,19.45,20.58,18.77,1197835,2384416032.0,9.4,1.04,0.2,12.33
302,2016-07-08,19.15,19.42,19.99,19.03,781172,1531360966.0,4.94,-0.15,-0.03,8.04
303,2016-07-15,19.58,20.34,21.38,18.8,1728043,3485225792.0,13.29,4.74,0.92,17.79
304,2016-07-22,20.3,20.41,21.38,20.1,1306797,2716131408.0,6.29,0.34,0.07,13.45
305,2016-07-29,20.42,17.34,20.75,17.01,1053041,1997381223.0,18.32,-15.04,-3.07,10.84
306,2016-08-05,17.02,17.02,17.5,16.7,535868,917611257.0,4.61,-1.85,-0.32,5.52
307,2016-08-12,17.2,17.6,18.88,16.91,647855,1153329864.0,11.57,3.41,0.58,6.67
308,2016-08-19,17.62,17.95,18.72,17.29,688284,1250896931.0,8.13,1.99,0.35,7.09
309,2016-08-26,17.96,17.49,18.29,17.36,528913,941142175.0,5.18,-2.56,-0.46,5.45
310,2016-09-02,17.45,17.23,17.87,17.07,366995,641630818.0,4.57,-1.49,-0.26,3.78
311,2016-09-09,17.33,17.19,17.79,17.06,409341,713160785.0,4.24,-0.23,-0.04,4.21
312,2016-09-14,16.82,15.81,16.82,15.66,318300,514671282.0,6.75,-8.03,-1.38,3.28
313,2016-09-23,15.99,15.76,16.38,15.75,288581,462595442.0,3.98,-0.32,-0.05,2.97
314,2016-09-30,15.8,15.25,15.84,15.0,328356,500104942.0,5.33,-3.24,-0.51,3.38
315,2016-10-14,15.4,15.81,15.95,15.32,341250,537921491.0,4.13,3.67,0.56,3.51
316,2016-10-21,15.85,15.84,16.25,15.5,460394,731384981.0,4.74,0.19,0.03,4.74
317,2016-10-28,15.85,15.43,16.24,15.4,423123,672005482.0,5.3,-2.59,-0.41,4.36
318,2016-11-04,15.42,16.44,16.93,15.2,945082,1547035750.0,11.21,6.55,1.01,9.73
319,2016-11-11,16.41,16.98,17.19,16.4,1045777,1758436244.0,4.81,3.28,0.54,10.77
320,2016-11-18,17.04,16.64,17.44,16.6,772585,1309399565.0,4.95,-2.0,-0.34,7.95
321,2016-11-25,16.6,17.2,17.96,16.58,998808,1730872849.0,8.29,3.37,0.56,10.28
322,2016-12-02,17.15,16.2,17.44,16.14,489768,818281978.0,7.56,-5.81,-1.0,5.04
323,2016-12-09,16.15,16.12,16.66,15.7,313613,507805381.0,5.93,-0.49,-0.08,3.23
324,2016-12-16,16.2,15.22,16.2,14.83,270397,412691124.0,8.5,-5.58,-0.9,2.78
325,2016-12-23,15.28,15.18,15.65,15.04,270281,413215114.0,4.01,-0.26,-0.04,2.78
326,2016-12-30,15.01,14.73,15.45,14.61,242727,365251699.0,5.53,-2.96,-0.45,2.5
327,2017-01-06,14.73,14.67,15.11,14.67,200364,298585593.0,2.99,-0.41,-0.06,2.06
328,2017-01-13,14.7,14.04,15.09,14.01,224994,330864373.0,7.36,-4.29,-0.63,2.32
329,2017-01-20,14.15,13.02,14.15,12.09,346132,447023632.0,14.67,-7.26,-1.02,3.56
330,2017-01-26,13.03,12.78,13.39,12.58,159947,208098028.0,6.22,-1.84,-0.24,1.65
331,2017-02-03,12.79,12.86,12.92,12.78,28414,36547224.0,1.1,0.63,0.08,0.29
332,2017-02-10,12.89,13.17,13.37,12.79,258016,338277648.0,4.51,2.41,0.31,2.66
333,2017-02-17,13.17,12.97,13.34,12.75,241826,316072070.0,4.48,-1.52,-0.2,2.49
334,2017-02-24,12.95,13.5,13.94,12.85,418517,559461037.0,8.4,4.09,0.53,4.31
335,2017-03-03,13.45,13.25,13.56,12.9,275236,365250249.0,4.89,-1.85,-0.25,2.83
336,2017-03-10,13.3,13.18,13.63,13.11,311541,418443606.0,3.92,-0.53,-0.07,3.21
337,2017-03-17,13.21,13.31,13.81,13.18,424427,573318513.0,4.78,0.99,0.13,4.37
338,2017-03-24,13.31,13.05,13.38,12.83,264200,346040198.0,4.13,-1.95,-0.26,2.72
339,2017-03-31,13.0,12.29,13.11,12.16,236084,300339102.0,7.28,-5.82,-0.76,2.43
340,2017-04-07,12.41,12.77,12.95,12.29,130563,165592582.0,5.37,3.91,0.48,1.34
341,2017-04-14,12.68,12.64,13.0,12.36,274804,348689839.0,5.01,-1.02,-0.13,2.83
342,2017-04-21,12.65,11.38,12.73,11.1,264476,313424661.0,12.9,-9.97,-1.26,2.72
343,2017-04-28,11.34,10.89,11.46,10.25,211515,230379111.0,10.63,-4.31,-0.49,2.18
344,2017-05-05,10.9,10.55,11.21,10.5,177901,195219317.0,6.52,-3.12,-0.34,1.83
345,2017-05-12,10.54,10.05,10.98,9.9,251746,262319547.0,10.24,-4.74,-0.5,2.59
346,2017-05-19,10.15,10.48,10.94,9.94,315292,328163958.0,9.95,4.28,0.43,3.25
347,2017-05-26,10.43,9.98,10.45,9.55,244469,243592727.0,8.59,-4.77,-0.5,2.52
348,2017-06-02,10.15,9.92,10.21,9.56,185129,182850590.0,6.51,-0.6,-0.06,1.91
349,2017-06-09,9.93,10.3,10.39,9.91,317602,323463443.0,4.84,3.83,0.38,3.27
350,2017-06-16,10.21,10.82,11.27,10.13,640089,689400486.0,11.07,5.05,0.52,6.59
351,2017-06-23,10.8,10.49,10.92,10.32,351557,376382639.0,5.55,-3.05,-0.33,3.62
352,2017-06-30,10.55,10.79,10.87,10.41,307625,327603546.0,4.39,2.86,0.3,3.16
353,2017-07-07,10.79,11.28,11.44,10.68,471410,518547279.0,7.04,4.54,0.49,4.84
354,2017-07-14,11.25,10.68,11.25,10.5,320630,348047115.0,6.65,-5.32,-0.6,3.29
355,2017-07-21,10.69,10.26,10.69,9.59,320508,321173065.0,10.3,-3.93,-0.42,3.29
356,2017-07-28,10.26,10.27,10.45,9.87,303396,309147544.0,5.65,0.1,0.01,3.11
357,2017-08-04,10.21,10.36,10.52,10.17,283055,292745030.0,3.41,0.88,0.09,2.9
358,2017-08-11,10.38,10.12,10.67,10.03,294510,306991995.0,6.18,-2.32,-0.24,3.02
359,2017-08-18,10.12,10.78,11.1,10.1,438970,471149813.0,9.88,6.52,0.66,4.5
360,2017-08-25,10.8,10.98,11.84,10.75,755186,847428531.0,10.11,1.86,0.2,7.75
361,2017-09-01,10.99,11.17,11.39,10.9,498509,556617973.0,4.46,1.73,0.19,5.11
362,2017-09-08,11.17,11.13,11.44,11.01,452116,505512505.0,3.85,-0.36,-0.04,4.64
363,2017-09-15,11.15,10.8,11.45,10.69,468530,518266242.0,6.83,-2.96,-0.33,4.81
364,2017-09-22,10.78,10.83,11.0,10.57,253423,273391002.0,3.98,0.28,0.03,2.6
365,2017-09-29,10.8,10.7,10.92,10.31,251645,266406852.0,5.63,-1.2,-0.13,2.58
366,2017-10-13,10.81,11.16,11.27,10.81,446663,495536396.0,4.3,4.3,0.46,4.58
367,2017-10-20,11.09,10.5,11.4,10.33,459018,503150651.0,9.59,-5.91,-0.66,4.71
368,2017-10-27,10.49,10.43,10.63,10.19,237609,248253633.0,4.19,-0.67,-0.07,2.44
369,2017-11-03,10.4,10.49,10.65,9.99,340915,353763028.0,6.33,0.58,0.06,3.5
370,2017-11-10,10.58,10.71,10.95,10.4,393140,422975445.0,5.24,2.1,0.22,4.03
371,2017-11-17,10.69,9.81,10.76,9.78,352770,364287303.0,9.15,-8.4,-0.9,3.62
372,2017-11-24,9.8,9.28,9.82,9.26,250042,237848732.0,5.71,-5.4,-0.53,2.56
373,2017-12-01,9.28,9.63,9.65,9.2,194261,183180200.0,4.85,3.77,0.35,1.99
374,2017-12-08,9.61,9.53,9.75,9.22,163012,154862702.0,5.5,-1.04,-0.1,1.67
375,2017-12-15,9.52,9.72,9.83,9.43,148772,143120343.0,4.2,1.99,0.19,1.53
376,2017-12-22,9.71,9.59,9.74,9.44,126391,121505482.0,3.09,-1.34,-0.13,1.3
377,2017-12-29,9.6,9.47,9.67,9.3,129989,122210921.0,3.86,-1.25,-0.12,1.33
378,2018-01-05,9.49,9.65,9.73,9.41,168887,161831237.0,3.38,1.9,0.18,1.73
379,2018-01-12,9.58,9.34,9.66,9.0,227677,215275431.0,6.84,-3.21,-0.31,2.34
380,2018-01-19,9.31,9.08,9.37,8.8,222553,201594386.0,6.1,-2.78,-0.26,2.28
381,2018-01-26,9.12,9.61,9.86,8.98,266512,252268494.0,9.69,5.84,0.53,2.73
382,2018-02-02,9.53,8.7,9.67,8.62,223614,204579176.0,10.93,-9.47,-0.91,2.29
383,2018-02-09,8.6,7.74,8.75,7.55,291009,233722553.0,13.79,-11.03,-0.96,2.98
384,2018-02-14,7.87,8.18,8.39,7.76,122630,100943225.0,8.14,5.68,0.44,1.26
385,2018-02-23,8.29,8.3,8.37,8.19,63280,52390844.0,2.2,1.47,0.12,0.65
386,2018-03-02,8.36,8.93,9.26,8.32,310654,273417558.0,11.33,7.59,0.63,3.19
387,2018-03-09,8.93,9.25,9.5,8.78,344925,316233617.0,8.06,3.58,0.32,3.54
388,2018-03-16,9.26,9.05,9.5,8.91,293792,270963349.0,6.38,-2.16,-0.2,3.01
389,2018-03-23,9.08,8.11,9.12,7.96,312244,273064568.0,12.82,-10.39,-0.94,3.2
390,2018-03-30,8.0,8.56,8.63,7.96,238128,198092049.0,8.26,5.55,0.45,2.44
391,2018-04-04,8.57,8.45,8.86,8.35,176661,152021807.0,5.96,-1.29,-0.11,1.81
392,2018-04-13,8.39,8.32,8.52,8.27,197000,165050257.0,2.96,-1.54,-0.13,2.02
393,2018-04-20,8.36,8.62,8.93,8.05,403512,344744851.0,10.58,3.61,0.3,4.14
394,2018-04-27,8.77,8.34,8.77,8.06,351497,290891309.0,8.24,-3.25,-0.28,3.61
395,2018-05-04,8.38,8.08,8.48,8.0,193214,157783071.0,5.76,-3.12,-0.26,1.98
396,2018-05-11,8.11,8.15,8.38,8.07,290217,238654373.0,3.84,0.87,0.07,2.98
397,2018-05-18,8.13,8.17,8.29,8.04,213959,174983916.0,3.07,0.25,0.02,2.19
398,2018-05-25,8.21,8.16,8.45,8.11,246345,204777514.0,4.16,-0.12,-0.01,2.53
399,2018-06-01,8.16,7.74,8.25,7.55,228976,180658505.0,8.58,-5.15,-0.42,2.34
400,2018-06-08,7.86,6.37,7.92,6.15,193711,132978700.0,22.87,-17.7,-1.37,1.65
401,2018-06-15,6.31,5.96,6.41,5.69,228489,138931891.0,11.3,-6.44,-0.41,1.95
402,2018-06-22,5.96,5.83,6.09,5.45,250253,146566829.0,10.74,-2.18,-0.13,2.13
403,2018-06-29,5.94,5.87,5.96,5.7,148321,86551497.0,4.46,0.69,0.04,1.26
404,2018-07-06,5.9,5.69,5.96,5.61,205810,119319912.0,5.96,-3.07,-0.18,1.75
405,2018-07-13,5.7,5.73,5.79,5.56,137769,78664043.0,4.04,0.7,0.04,1.17
406,2018-07-20,5.75,5.67,5.77,5.56,111583,63493970.0,3.66,-1.05,-0.06,0.95
407,2018-07-27,5.62,5.84,6.0,5.62,298646,175744303.0,6.7,3.0,0.17,2.55
408,2018-08-03,5.87,5.38,5.88,5.29,176094,99020337.0,10.1,-7.88,-0.46,1.5
409,2018-08-10,5.37,5.52,5.53,5.3,132399,72101333.0,4.28,2.6,0.14,1.13
410,2018-08-17,5.46,5.36,5.59,5.27,101824,55534925.0,5.8,-2.9,-0.16,0.87
411,2018-08-24,5.33,5.41,5.45,5.14,141876,75913390.0,5.78,0.93,0.05,1.21
412,2018-08-31,5.41,5.58,5.7,5.38,217367,121185810.0,5.91,3.14,0.17,1.85
413,2018-09-07,5.58,5.59,5.75,5.48,178966,101233063.0,4.84,0.18,0.01,1.53
414,2018-09-14,5.65,5.83,5.89,5.59,267486,154405461.0,5.37,4.29,0.24,2.28
415,2018-09-21,5.83,5.89,5.93,5.72,175310,102573421.0,3.6,1.03,0.06,1.49
416,2018-09-28,5.86,5.81,5.95,5.76,125388,73411172.0,3.23,-1.36,-0.08,1.07
417,2018-10-12,5.77,5.63,6.05,5.18,343965,195187992.0,14.97,-3.1,-0.18,2.93
418,2018-10-19,5.53,5.25,5.67,5.02,176845,94168493.0,11.55,-6.75,-0.38,1.51
419,2018-10-26,5.22,5.62,5.84,5.22,169505,93631007.0,11.81,7.05,0.37,1.44
420,2018-11-02,5.6,5.86,5.92,5.49,155169,89169961.0,7.65,4.27,0.24,1.32
421,2018-11-09,5.85,5.9,5.95,5.71,161937,94750593.0,4.1,0.68,0.04,1.38
422,2018-11-16,5.89,6.26,6.29,5.89,224801,137020500.0,6.78,6.1,0.36,1.92
423,2018-11-23,6.35,5.89,6.35,5.88,176486,108674539.0,7.51,-5.91,-0.37,1.5
424,2018-11-30,5.97,6.01,6.32,5.85,191618,117492436.0,7.98,2.04,0.12,1.63
425,2018-12-07,6.11,6.19,6.5,6.11,281785,177917674.0,6.49,3.0,0.18,2.4
426,2018-12-14,6.1,6.0,6.37,5.99,131017,80920797.0,6.14,-3.07,-0.19,1.12
427,2018-12-21,6.06,5.86,6.1,5.82,124290,74290763.0,4.67,-2.33,-0.14,1.06
428,2018-12-28,5.86,5.88,6.22,5.78,162812,97865220.0,7.51,0.34,0.02,1.39
429,2019-01-04,5.95,5.92,5.97,5.68,106733,62442346.0,4.93,0.68,0.04,0.91
430,2019-01-11,5.94,6.0,6.06,5.82,161746,96156179.0,4.05,1.35,0.08,1.38
431,2019-01-18,5.98,6.05,6.25,5.9,206991,125533136.0,5.83,0.83,0.05,1.76
432,2019-01-25,6.04,5.9,6.1,5.89,147702,88493967.0,3.47,-2.48,-0.15,1.26
433,2019-02-01,5.93,4.96,5.99,4.86,313415,165215824.0,19.15,-15.93,-0.94,2.67
434,2019-02-15,5.03,5.3,5.43,5.01,330577,175260300.0,8.47,6.85,0.34,2.82
435,2019-02-22,5.36,5.58,5.64,5.32,508007,278851450.0,6.04,5.28,0.28,4.33
436,2019-03-01,5.6,5.96,6.06,5.6,693227,407490893.0,8.24,6.81,0.38,5.91
437,2019-03-08,5.96,6.36,6.88,5.94,867207,555614628.0,15.77,6.71,0.4,7.39
438,2019-03-15,6.49,6.36,6.91,6.24,737503,487822116.0,10.53,0.0,0.0,6.29
439,2019-03-22,6.37,6.49,6.65,6.27,481474,312023766.0,5.97,2.04,0.13,4.1
440,2019-03-29,6.37,6.27,6.53,6.02,458982,286565262.0,7.86,-3.39,-0.22,3.91
441,2019-04-04,6.28,6.6,6.7,6.28,390302,255041741.0,6.7,5.26,0.33,3.33
442,2019-04-12,6.68,6.49,6.85,6.39,530667,350855669.0,6.97,-1.67,-0.11,4.52
443,2019-04-19,6.55,6.74,6.87,6.26,491406,326498583.0,9.4,3.85,0.25,4.19
444,2019-04-26,6.79,6.14,6.79,6.05,437016,279255888.0,10.98,-8.9,-0.6,3.73
445,2019-04-30,6.2,5.87,6.22,5.81,212058,127065027.0,6.68,-4.4,-0.27,1.81
446,2019-05-10,5.7,5.72,5.85,5.28,571002,318115587.0,9.71,-2.56,-0.15,4.87
447,2019-05-17,5.62,5.56,5.79,5.48,337377,190557245.0,5.42,-2.8,-0.16,2.88
448,2019-05-24,5.56,5.13,5.66,5.1,326657,177099765.0,10.07,-7.73,-0.43,2.78
449,2019-05-31,5.13,5.22,5.45,5.12,259494,137447032.0,6.43,1.75,0.09,2.21
450,2019-06-06,5.23,5.28,5.38,5.06,309356,161690087.0,6.13,1.15,0.06,2.64
451,2019-06-14,5.28,5.35,5.5,5.12,575577,306583695.0,7.2,1.33,0.07,4.91
452,2019-06-21,5.31,5.39,5.44,5.16,417494,221298508.0,5.23,0.75,0.04,3.56
453,2019-06-28,5.37,6.25,6.45,5.24,1275309,760817632.0,22.45,15.96,0.86,10.87
454,2019-07-05,6.38,6.02,6.4,5.98,675892,415003020.0,6.72,-3.68,-0.23,5.76
455,2019-07-12,5.95,6.01,6.15,5.76,508150,302538982.0,6.48,-0.17,-0.01,4.33
456,2019-07-19,5.99,5.65,6.0,5.64,259216,151397756.0,5.99,-5.99,-0.36,2.21
457,2019-07-26,5.66,5.6,5.72,5.51,203969,114069900.0,3.72,-0.88,-0.05,1.67
458,2019-08-02,5.58,5.91,5.92,5.52,319786,183230814.0,7.14,5.54,0.31,2.61
459,2019-08-09,5.86,5.3,5.9,5.28,312982,171623354.0,10.49,-10.32,-0.61,2.56
460,2019-08-16,5.26,5.26,5.38,5.12,206075,108733667.0,4.91,-0.75,-0.04,1.68
461,2019-08-23,5.42,5.58,5.85,5.33,546649,306220622.0,9.89,6.08,0.32,4.47
462,2019-08-30,5.33,5.37,5.68,5.33,323956,178224948.0,6.27,-3.76,-0.21,2.65
463,2019-09-06,5.37,5.66,5.71,5.36,409613,228397388.0,6.52,5.4,0.29,3.35
464,2019-09-12,5.69,5.85,5.92,5.66,462952,269376363.0,4.59,3.36,0.19,3.78
465,2019-09-20,5.88,5.95,6.1,5.71,526420,309179008.0,6.67,1.71,0.1,4.3
466,2019-09-27,5.9,5.6,5.9,5.31,427297,239140853.0,9.92,-5.88,-0.35,3.49
467,2019-09-30,5.55,5.38,5.57,5.31,76891,41759377.0,4.64,-3.93,-0.22,0.63
468,2019-10-11,5.31,5.61,5.7,5.23,263808,143806222.0,8.74,4.28,0.23,2.16
469,2019-10-18,5.65,5.83,6.14,5.54,772523,453078647.0,10.7,3.92,0.22,6.31
470,2019-10-25,5.82,5.98,6.12,5.74,760218,451791409.0,6.52,2.57,0.15,6.21
471,2019-11-01,6.2,6.12,6.58,5.85,1251388,781802525.0,12.21,2.34,0.14,10.23
472,2019-11-08,6.2,5.94,6.25,5.91,561709,341100603.0,5.56,-2.94,-0.18,4.59
473,2019-11-15,5.89,6.19,6.35,5.86,1132163,694831194.0,8.25,4.21,0.25,9.25
474,2019-11-22,6.16,6.35,6.44,6.13,796172,503690280.0,5.01,2.58,0.16,6.51
475,2019-11-29,6.31,6.03,6.32,5.9,496257,299977574.0,6.61,-5.04,-0.32,4.06
476,2019-12-06,6.04,7.6,7.6,5.98,603488,394676842.0,26.87,26.04,1.57,4.93
477,2019-12-13,8.36,8.07,8.54,7.4,3858653,3086696288.0,15.0,6.18,0.47,31.54
478,2019-12-20,8.28,7.88,9.24,7.85,3471259,2929495632.0,17.22,-2.35,-0.19,28.38
479,2019-12-27,7.77,7.79,8.15,7.62,1349044,1063703650.0,6.73,-1.14,-0.09,11.03
480,2020-01-03,7.7,7.88,8.0,7.3,844716,650829572.0,8.99,1.16,0.09,6.91
481,2020-01-10,7.8,8.15,8.26,7.65,1443905,1152728542.0,7.74,3.43,0.27,11.81
482,2020-01-17,8.08,7.92,8.41,7.86,1093470,889727807.0,6.75,-2.82,-0.23,8.94
483,2020-01-23,7.88,7.16,8.1,7.16,729114,560177292.0,11.87,-9.6,-0.76,5.96
484,2020-02-07,6.44,6.61,6.66,5.8,856919,538463607.0,12.01,-7.68,-0.55,7.01
485,2020-02-14,6.63,6.5,6.83,6.47,746000,493615280.0,5.45,-1.66,-0.11,6.1
486,2020-02-21,6.48,7.23,7.33,6.48,1078342,749901407.0,13.08,11.23,0.73,8.82
487,2020-02-28,7.27,6.88,8.16,6.88,1868002,1428960450.0,17.7,-4.84,-0.35,15.28
488,2020-03-06,6.85,7.3,7.58,6.85,884748,650277145.0,10.61,6.1,0.42,7.24
489,2020-03-13,7.2,6.81,7.27,6.3,814797,565384073.0,13.29,-6.71,-0.49,6.66
490,2020-03-20,6.89,6.3,6.94,6.03,637226,402803984.0,13.36,-7.49,-0.51,5.21
491,2020-03-27,6.18,6.07,6.26,5.86,726269,442643593.0,6.35,-3.65,-0.23,5.94
492,2020-04-03,5.96,5.51,6.06,5.46,957722,543924688.0,9.88,-9.23,-0.56,7.83
493,2020-04-10,5.62,6.47,6.76,5.58,1295477,806269956.0,21.42,17.42,0.96,10.6
494,2020-04-17,6.42,6.39,6.55,6.12,728934,458438004.0,6.65,-1.24,-0.08,5.96
495,2020-04-24,6.46,7.08,7.57,6.44,1675776,1190645889.0,17.68,10.8,0.69,13.71
496,2020-04-30,7.79,7.91,8.6,7.71,2525190,2082795482.0,12.57,11.72,0.83,20.65
497,2020-05-08,7.55,7.55,8.1,7.39,1247809,960429229.0,8.98,-4.55,-0.36,10.21
498,2020-05-15,7.6,7.26,7.67,7.19,1179934,869830293.0,6.36,-3.84,-0.29,9.65
499,2020-05-22,7.26,7.14,7.86,7.06,1472994,1095484599.0,11.02,-1.65,-0.12,12.05
500,2020-05-29,7.18,7.16,7.48,6.9,965293,695207748.0,8.12,0.28,0.02,7.89
501,2020-06-05,7.19,7.3,7.58,7.17,1221722,901887775.0,5.73,1.96,0.14,9.99
502,2020-06-12,7.38,7.15,7.4,7.02,680660,491152225.0,5.21,-2.05,-0.15,5.57
503,2020-06-19,7.11,7.35,7.45,7.1,947174,690928626.0,4.9,2.8,0.2,7.75
504,2020-06-24,7.33,7.14,7.44,7.1,432257,314756094.0,4.63,-2.86,-0.21,3.54
505,2020-07-03,7.1,7.68,7.83,6.95,1496771,1113133040.0,12.32,7.56,0.54,12.24
506,2020-07-10,7.85,8.46,9.36,7.78,1933781,1627117792.0,20.57,10.16,0.78,15.82
507,2020-07-17,8.64,8.07,9.68,8.03,2304997,2014015360.0,19.5,-4.61,-0.39,18.85
508,2020-07-24,8.18,8.86,9.33,8.12,2030711,1805048960.0,14.99,9.79,0.79,16.61
509,2020-07-31,9.0,10.01,10.24,8.43,2479174,2334245110.0,20.43,12.98,1.15,20.28
510,2020-08-07,10.5,13.07,13.07,10.01,3175624,3654374016.0,30.57,30.57,3.06,25.97
511,2020-08-14,13.33,10.96,13.59,10.5,3386976,3854160640.0,23.64,-16.14,-2.11,27.7
512,2020-08-21,11.14,10.65,11.37,10.44,1722516,1881102368.0,8.49,-2.83,-0.31,14.09
513,2020-08-28,10.71,9.73,10.77,9.35,1914845,1899015032.0,13.33,-8.64,-0.92,15.66
514,2020-09-04,9.8,9.61,10.25,9.45,1063283,1046304682.0,8.22,-1.23,-0.12,8.7
515,2020-09-11,9.6,8.77,9.68,8.49,1293927,1161311990.0,12.38,-8.74,-0.84,10.58
516,2020-09-18,8.78,8.62,8.9,8.25,1031232,881080701.0,7.41,-1.71,-0.15,8.43
517,2020-09-25,8.83,9.01,9.09,8.12,1460095,1249261196.0,11.25,4.52,0.39,11.94
518,2020-09-30,9.01,8.16,9.06,7.85,1204781,1005412003.0,13.43,-9.43,-0.85,9.85
519,2020-10-09,8.26,8.98,8.98,8.26,570701,505913856.0,8.82,10.05,0.82,4.67
520,2020-10-16,9.16,9.1,9.74,8.99,2035860,1890775875.0,8.35,1.34,0.12,16.65
521,2020-10-23,9.2,8.92,9.25,8.85,940562,850257076.0,4.4,-1.98,-0.18,7.69
522,2020-10-30,8.87,8.05,8.98,8.03,1160453,976264336.0,10.65,-9.75,-0.87,9.49
523,2020-11-06,8.06,8.88,9.0,8.0,1024150,868230313.0,12.42,10.31,0.83,8.38
524,2020-11-13,9.08,9.05,9.54,8.8,2340063,2144481509.0,8.33,1.91,0.17,19.14
525,2020-11-20,8.97,8.66,9.85,8.5,2406898,2197096053.0,14.92,-4.31,-0.39,19.69
526,2020-11-27,8.63,8.48,8.88,8.4,973923,832923757.0,5.54,-2.08,-0.18,7.97
527,2020-12-04,8.49,8.4,8.61,8.25,720668,606251905.0,4.25,-0.94,-0.08,5.89
528,2020-12-11,8.39,8.78,8.95,8.25,1013784,870974030.0,8.33,4.52,0.38,8.29
529,2020-12-18,8.75,8.76,8.95,8.35,1153041,1004813366.0,6.83,-0.23,-0.02,9.43
530,2020-12-25,8.76,8.16,8.92,7.96,822072,697238042.0,10.96,-6.85,-0.6,6.72
531,2020-12-31,8.1,7.46,8.1,7.19,823966,619178456.0,11.15,-8.58,-0.7,6.74
532,2021-01-08,8.2,8.75,8.88,7.89,1650286,1390776307.0,13.27,17.29,1.29,13.5
533,2021-01-15,8.7,11.12,11.12,8.63,2354755,2315575296.0,28.46,27.09,2.37,19.26
534,2021-01-22,12.23,13.92,15.27,12.23,5347443,7461968949.0,27.34,25.18,2.8,43.73
535,2021-01-29,14.0,10.56,15.18,10.22,5000386,6055624624.0,35.63,-24.14,-3.36,40.9
536,2021-02-05,10.71,9.35,10.74,9.35,2533078,2549784528.0,13.16,-11.46,-1.21,20.72
537,2021-02-10,9.35,9.31,9.7,9.14,899716,844483105.0,5.99,-0.43,-0.04,7.36
538,2021-02-19,9.52,9.7,9.92,9.42,752996,725124688.0,5.37,4.19,0.39,6.16
539,2021-02-26,9.74,9.05,10.09,8.88,1604871,1510634083.0,12.47,-6.7,-0.65,13.13
540,2021-03-05,9.1,10.2,10.2,9.04,1748438,1667784715.0,12.82,12.71,1.15,14.3
541,2021-03-12,10.33,10.15,10.33,9.25,2455088,2405847616.0,10.59,-0.49,-0.05,20.08
542,2021-03-19,10.0,9.9,10.9,9.85,1898333,1949802976.0,10.34,-2.46,-0.25,15.53
543,2021-03-26,9.91,8.26,10.5,7.95,1966577,1704764122.0,25.76,-16.57,-1.64,16.08
544,2021-04-02,8.27,8.57,8.68,8.16,1034785,862671152.0,6.3,3.75,0.31,8.46
545,2021-04-09,8.68,8.51,8.69,8.41,789047,674472796.0,3.27,-0.7,-0.06,6.45
546,2021-04-16,8.53,8.5,8.55,8.22,716386,601761586.0,3.88,-0.12,-0.01,5.86
547,2021-04-23,8.6,8.38,8.66,8.32,751827,639949672.0,4.0,-1.41,-0.12,6.15
548,2021-04-30,8.36,7.73,8.73,7.68,1152863,937312441.0,12.53,-7.76,-0.65,9.43
549,2021-05-07,7.72,7.68,8.05,7.64,360054,280975075.0,5.3,-0.65,-0.05,2.94
550,2021-05-14,7.65,8.59,8.79,7.48,1529993,1264108356.0,17.06,11.85,0.91,12.51
551,2021-05-21,8.62,8.47,9.55,8.29,1893755,1672950821.0,14.67,-1.4,-0.12,15.49
552,2021-05-28,8.5,8.28,8.78,8.2,1061903,900469148.0,6.85,-2.24,-0.19,8.68
553,2021-06-04,8.35,8.22,8.4,7.88,997687,815535505.0,6.28,-0.72,-0.06,8.16
554,2021-06-11,8.22,10.41,11.09,8.18,2969258,2901025664.0,35.4,26.64,2.19,24.28
555,2021-06-18,10.88,9.8,11.0,9.58,1656370,1653419568.0,13.64,-5.86,-0.61,13.55
556,2021-06-25,9.61,9.81,10.33,9.52,1457744,1438667416.0,8.27,0.1,0.01,11.92
557,2021-07-02,10.1,11.63,11.74,9.65,2180641,2303202230.0,21.3,18.55,1.82,17.83
558,2021-07-09,11.38,11.15,11.83,10.89,1515346,1723546332.0,8.08,-4.13,-0.48,12.39
559,2021-07-16,11.13,11.01,12.17,10.83,1442774,1655959333.0,12.02,-1.26,-0.14,11.8
560,2021-07-23,10.84,10.56,11.35,10.4,895898,982859393.0,8.63,-4.09,-0.45,7.33
561,2021-07-30,10.63,9.47,10.63,9.0,1086269,1053811109.0,15.44,-10.32,-1.09,8.88
562,2021-08-06,9.46,10.18,10.85,9.3,1137858,1178835026.0,16.37,7.5,0.71,9.31
563,2021-08-13,10.18,11.7,12.04,10.0,1654336,1891691873.0,20.04,14.93,1.52,13.53
564,2021-08-20,11.73,10.42,11.83,10.13,1142550,1245834818.0,14.53,-10.94,-1.28,9.34
565,2021-08-27,10.32,10.47,10.74,9.81,1126752,1159098609.0,8.93,0.48,0.05,9.22
566,2021-09-03,10.39,10.33,11.07,9.97,1306933,1371605094.0,10.51,-1.34,-0.14,10.69
567,2021-09-10,10.23,10.87,11.54,10.01,1509013,1643513794.0,14.81,5.23,0.54,12.34
568,2021-09-17,10.6,10.06,10.71,9.82,909243,926239670.0,8.19,-7.45,-0.81,7.44
569,2021-09-24,10.02,10.21,10.5,9.9,433900,443885079.0,5.96,1.49,0.15,3.55
570,2021-09-30,10.2,10.06,10.26,9.63,387118,382939349.0,6.17,-1.47,-0.15,3.17
571,2021-10-08,10.18,10.53,10.6,10.17,172985,180143735.0,4.27,4.67,0.47,1.41
572,2021-10-15,10.52,10.65,11.16,10.2,715833,763031554.0,9.12,1.14,0.12,5.85
573,2021-10-22,10.7,10.48,10.85,10.35,502906,535250276.0,4.69,-1.6,-0.17,4.11
574,2021-10-29,10.43,10.71,10.98,10.12,1043531,1108838781.0,8.21,2.19,0.23,8.53
575,2021-11-05,10.72,11.2,11.66,10.72,1169658,1315321304.0,8.78,4.58,0.49,9.57
576,2021-11-12,11.28,11.54,11.74,11.05,974899,1112479766.0,6.16,3.04,0.34,7.97
577,2021-11-19,11.61,12.31,12.38,11.2,1237805,1454433567.0,10.23,6.67,0.77,10.12
578,2021-11-26,12.38,12.91,14.06,12.22,2346372,3104960032.0,14.95,4.87,0.6,19.19
579,2021-12-03,12.56,12.42,13.48,12.2,1337452,1697824677.0,9.91,-3.8,-0.49,10.94
580,2021-12-10,12.2,11.76,12.39,11.08,1164482,1351301459.0,10.55,-5.31,-0.66,9.52
581,2021-12-17,12.04,11.3,12.1,11.24,765840,884610759.0,7.31,-3.91,-0.46,6.26
582,2021-12-24,11.18,11.16,11.28,10.85,612077,680002922.0,3.81,-1.24,-0.14,5.01
583,2021-12-31,11.16,11.38,11.59,10.96,554500,620362223.0,5.65,1.97,0.22,4.54
584,2022-01-07,11.4,11.01,11.6,11.0,424031,476461229.0,5.27,-3.25,-0.37,3.47
585,2022-01-14,11.0,11.19,11.47,10.9,480890,538511032.0,5.18,1.63,0.18,3.93
586,2022-01-21,11.11,10.61,11.54,10.44,542609,594908689.0,9.83,-5.18,-0.58,4.44
587,2022-01-28,10.52,9.91,10.7,9.73,387834,395063911.0,9.14,-6.6,-0.7,3.17
588,2022-02-11,10.06,10.34,10.65,10.04,355615,368354671.0,6.16,4.34,0.43,2.91
589,2022-02-18,10.28,10.23,10.42,10.05,277332,283657699.0,3.58,-1.06,-0.11,2.27
590,2022-02-25,10.21,10.02,10.53,9.87,465731,475677888.0,6.45,-2.05,-0.21,3.81
591,2022-03-04,10.03,9.99,10.08,9.84,409077,407841766.0,2.4,-0.3,-0.03,3.35
592,2022-03-11,9.95,9.22,10.1,8.66,551579,513618224.0,14.41,-7.71,-0.77,4.51
593,2022-03-18,9.03,8.72,9.22,8.11,564965,488775260.0,12.04,-5.42,-0.5,4.62
594,2022-03-25,8.79,8.72,8.91,8.55,395995,345318804.0,4.13,0.0,0.0,3.24
595,2022-04-01,8.64,8.89,8.94,8.44,648528,563887577.0,5.73,1.95,0.17,5.3
596,2022-04-08,8.91,8.6,9.37,8.55,387104,347236280.0,9.22,-3.26,-0.29,3.17
597,2022-04-15,8.57,8.42,8.79,8.2,427286,363019801.0,6.86,-2.09,-0.18,3.49
598,2022-04-22,8.39,8.14,8.56,7.93,360282,296951966.0,7.48,-3.33,-0.28,2.95
599,2022-04-29,7.99,7.22,8.0,6.75,761962,547124162.0,15.36,-11.3,-0.92,6.23
600,2022-05-06,7.3,7.4,7.57,7.09,232365,171162984.0,6.65,2.49,0.18,1.9
601,2022-05-13,7.4,8.12,8.18,7.37,586174,460379675.0,10.95,9.73,0.72,4.79
